aa_mean	aa_std
1.055645161290322598e+01	9.413701766963733064e+00
1.596551724137930961e+01	1.542581302528596332e+01
1.972177419354838790e+01	2.133902626676127312e+01
2.097916666666666785e+01	2.161412499514045749e+01
1.639919354838709609e+01	1.848118919843486196e+01
1.794583333333333286e+01	1.570566456109245834e+01
2.145564516129032384e+01	2.029296637412052462e+01
1.937096774193548399e+01	2.272112408549886808e+01
2.403750000000000142e+01	2.253503406735092440e+01
2.594354838709677580e+01	2.749114297819679109e+01
1.332083333333333286e+01	1.509888183405939799e+01
1.368951612903225801e+01	1.341747367300822802e+01
1.919758064516129181e+01	1.883280838234374954e+01
2.360714285714285765e+01	2.564049432010997265e+01
2.233467741935483986e+01	2.012974265637965843e+01
2.951666666666666572e+01	3.890383085964100474e+01
2.314919354838709609e+01	4.681257584681868167e+01
1.919999999999999929e+01	2.080028044682731192e+01
1.741129032258064413e+01	1.674115659509579146e+01
1.985483870967741993e+01	2.123208677556101875e+01
2.976666666666666572e+01	3.102746990795235504e+01
1.794758064516129181e+01	1.804232462898530898e+01
1.467916666666666714e+01	1.344902348272501591e+01
1.464112903225806406e+01	1.722936592966175695e+01
2.157661290322580783e+01	3.044445923653423947e+01
2.316517857142857295e+01	2.874230396937782217e+01
2.120161290322580783e+01	1.815479135136084210e+01
2.576249999999999929e+01	2.619394510982770186e+01
2.091532258064516014e+01	2.608633477498738173e+01
1.637916666666666643e+01	1.648338757574492774e+01
1.412903225806451601e+01	1.289940467614530739e+01
2.144758064516129181e+01	2.539187374360620453e+01
3.521666666666666856e+01	4.568664708886198866e+01
2.624193548387096797e+01	5.306400137018685825e+01
2.186666666666666714e+01	2.429366629848657055e+01
1.986290322580645196e+01	2.288869797076903367e+01
1.931048387096774022e+01	2.002670522943087761e+01
2.483482142857142705e+01	3.639030043898429767e+01
2.137903225806451601e+01	2.763838866677530604e+01
3.118333333333333357e+01	3.747565506061531693e+01
1.720161290322580783e+01	1.417743541046468891e+01
1.712083333333333357e+01	2.435993088329457379e+01
2.148790322580645196e+01	2.284696313814586688e+01
2.354838709677419217e+01	2.853559035228431640e+01
1.768333333333333357e+01	1.465320404856524483e+01
2.001612903225806406e+01	1.683697154544309171e+01
2.810000000000000142e+01	3.686696805181208703e+01
1.572983870967741993e+01	1.247786737257347944e+01
1.700000000000000000e+01	1.523816304228386365e+01
2.800000000000000000e+01	6.420172948578189676e+01
2.304838709677419217e+01	2.108693787659664665e+01
2.344583333333333286e+01	2.709238021976331012e+01
2.037903225806451601e+01	2.056601986911964275e+01
1.766666666666666785e+01	2.119034109106211261e+01
2.529435483870967616e+01	3.942027029419811157e+01
2.522983870967741993e+01	3.584520366493175914e+01
2.065416666666666501e+01	2.264934655361067328e+01
3.864112903225806406e+01	5.883516683744342401e+01
2.495416666666666572e+01	2.273364758763733917e+01
2.049596774193548399e+01	1.906081057746304452e+01
2.939516129032258007e+01	2.920114297044615981e+01
2.063392857142857295e+01	1.899388789646473086e+01
2.409274193548387188e+01	3.106943751213561100e+01
2.075833333333333286e+01	2.003205590769177391e+01
2.080645161290322420e+01	1.726252580262715597e+01
2.581250000000000000e+01	2.135596740374923996e+01
2.058064516129032384e+01	1.772395716673573673e+01
1.875000000000000000e+01	1.609729740891208394e+01
1.927083333333333215e+01	1.649032492015309614e+01
1.655645161290322420e+01	1.696024879009303277e+01
1.461250000000000071e+01	1.348069027968029054e+01
1.211290322580645196e+01	1.261892439400452481e+01
1.775806451612903203e+01	2.262790561194152161e+01
1.605803571428571530e+01	2.510871411906651574e+01
1.271370967741935409e+01	1.549071956656327664e+01
1.914166666666666572e+01	2.274030776445697555e+01
1.401612903225806406e+01	1.440569100747012143e+01
1.279166666666666607e+01	1.479126760025057052e+01
1.306048387096774199e+01	1.417006339223866718e+01
1.296774193548387011e+01	1.227108815788412244e+01
1.569166666666666643e+01	1.687591767052157010e+01
1.781854838709677580e+01	2.493530618755288941e+01
1.428749999999999964e+01	1.462463140561156116e+01
1.013709677419354804e+01	1.082361119558603590e+01
1.004032258064516192e+01	9.473987471261462900e+00
1.345982142857142883e+01	2.076157577207329652e+01
1.267338709677419395e+01	1.333600274342865966e+01
1.269166666666666643e+01	1.604020772586467558e+01
1.298790322580645196e+01	1.447480621488166008e+01
1.007916666666666750e+01	9.878743137273193753e+00
1.181854838709677402e+01	1.218851169124674705e+01
8.669354838709677935e+00	9.132732494142887347e+00
1.313749999999999929e+01	1.437829128988096095e+01
1.191129032258064591e+01	1.306961021753492957e+01
9.762499999999999289e+00	1.166180776795204466e+01
8.516129032258064058e+00	9.311356118071321575e+00
9.782258064516129892e+00	1.218014015748519085e+01
1.255603448275862100e+01	1.968734841777705924e+01
1.101209677419354804e+01	1.489086152288914988e+01
6.462500000000000355e+00	5.493049585612713059e+00
7.576612903225806051e+00	7.409819214099623075e+00
7.733333333333333393e+00	7.515243767762219917e+00
9.145161290322580072e+00	8.552205477090254249e+00
1.016129032258064591e+01	9.270041146143670474e+00
1.010416666666666607e+01	1.142993070723625237e+01
1.047983870967741993e+01	1.227242831505562215e+01
1.017916666666666714e+01	1.281133870075861836e+01
1.008467741935483808e+01	1.296260467873768008e+01
9.330645161290322065e+00	1.307282441913163495e+01
9.575892857142857650e+00	8.401400239752918608e+00
1.043548387096774199e+01	1.161182790720367386e+01
8.937500000000000000e+00	9.576025293234488700e+00
1.301612903225806406e+01	1.695748187282597996e+01
8.945833333333332860e+00	9.183385321994402162e+00
7.834677419354838968e+00	1.003144688012875640e+01
7.600806451612903025e+00	9.388883234011052181e+00
7.404166666666666785e+00	8.940496778081678642e+00
6.947580645161290036e+00	8.074831104891829980e+00
1.160416666666666607e+01	1.536898877519995743e+01
6.770161290322580960e+00	7.534838224591132061e+00
7.447580645161290036e+00	1.188746265358047616e+01
7.450892857142856762e+00	7.938226856885456151e+00
6.185483870967741993e+00	5.876232795136956177e+00
8.508333333333332860e+00	9.576008069939977219e+00
7.326612903225806051e+00	1.088105492447818357e+01
8.650000000000000355e+00	1.734413925989602490e+01
4.814516129032258007e+00	3.790622843288742772e+00
6.443548387096774022e+00	6.531317136533891343e+00
7.858333333333333393e+00	7.456312575410329657e+00
6.762096774193548043e+00	6.915668194128454793e+00
7.062500000000000000e+00	7.656713421349049753e+00
9.322580645161290036e+00	1.000608555724866022e+01
6.225806451612903025e+00	5.652345658787154115e+00
5.816964285714285587e+00	4.501733562768132302e+00
8.576612903225806051e+00	8.508189687200319540e+00
5.549999999999999822e+00	6.050964110508891380e+00
6.241935483870967971e+00	7.662088243677580124e+00
5.937500000000000000e+00	6.885389876397704612e+00
5.834677419354838968e+00	8.120121804612795202e+00
8.032258064516129892e+00	7.306024341277423062e+00
8.900000000000000355e+00	9.333988072272930481e+00
6.963709677419354982e+00	7.108795491155138535e+00
7.145833333333333037e+00	5.993710534570569237e+00
9.278225806451612101e+00	1.126044361473491762e+01
7.294354838709677047e+00	7.173965053146475590e+00
4.681034482758620996e+00	4.421926436815073025e+00
9.806451612903225978e+00	1.170172128181730820e+01
8.933333333333333570e+00	1.048469784442493413e+01
1.308467741935483808e+01	1.576455059749890353e+01
7.258333333333333748e+00	7.879822156763578889e+00
9.895161290322580072e+00	9.540929274740397759e+00
2.313306451612903203e+01	3.683685746678312967e+01
1.137916666666666643e+01	1.542353394347597373e+01
1.435887096774193594e+01	1.713031886836137829e+01
1.446666666666666679e+01	1.664328359696153470e+01
1.458870967741935409e+01	1.211038750130819963e+01
1.512903225806451601e+01	2.781200359961083279e+01
1.280357142857142883e+01	1.265605394783904458e+01
1.318145161290322598e+01	1.398744175770101350e+01
1.142083333333333250e+01	1.375143868736003228e+01
8.544354838709677935e+00	8.926110687366684004e+00
1.072499999999999964e+01	1.258799858330677424e+01
1.223387096774193594e+01	1.299293162116937062e+01
7.762096774193548043e+00	6.542344612055591035e+00
1.793333333333333357e+01	2.966429765822132936e+01
1.402822580645161210e+01	1.426008449327924055e+01
2.017083333333333428e+01	1.964963907994806291e+01
2.033467741935483986e+01	1.380030705803105384e+01
1.569354838709677402e+01	1.290266127797324991e+01
1.950446428571428470e+01	2.260372870786420663e+01
1.645967741935483986e+01	1.514760664239456389e+01
3.594166666666666998e+01	6.397842029847946321e+01
2.060887096774193594e+01	1.947134582926166146e+01
1.900000000000000000e+01	2.167025611293045984e+01
1.448790322580645196e+01	1.731351836525965027e+01
1.968145161290322420e+01	2.112633224253211850e+01
1.502500000000000036e+01	1.513134852990087431e+01
2.503629032258064413e+01	3.162587965033776527e+01
5.495416666666666572e+01	9.439029116372203987e+01
2.012096774193548399e+01	1.927437407122910784e+01
1.539112903225806406e+01	1.460764554617565736e+01
2.672321428571428470e+01	3.011012816711008355e+01
2.331854838709677580e+01	2.141222091106928715e+01
1.778750000000000142e+01	2.530531585293229924e+01
1.393951612903225801e+01	1.513515624645410185e+01
1.851249999999999929e+01	1.827999390271597946e+01
2.152822580645161210e+01	2.295751707830409671e+01
1.244758064516129004e+01	1.286990089260332404e+01
1.947500000000000142e+01	3.023035519142969463e+01
1.365322580645161210e+01	1.938865828878661546e+01
1.755833333333333357e+01	2.381728918010798424e+01
1.198790322580645196e+01	1.257092198187967824e+01
9.088709677419354094e+00	8.329903473837781291e+00
1.426724137931034520e+01	1.625993476607173704e+01
1.745967741935483986e+01	1.707521274299451619e+01
1.556666666666666643e+01	1.465732657145300344e+01
1.278225806451612989e+01	1.370899191834591768e+01
1.311666666666666714e+01	1.501814643097550217e+01
1.546774193548387011e+01	2.117646117282985330e+01
1.295564516129032206e+01	1.441276765086985279e+01
1.347916666666666607e+01	1.759567842697619966e+01
1.604435483870967616e+01	2.070652383724696222e+01
1.689999999999999858e+01	2.068872478751006483e+01
1.321370967741935409e+01	1.433635034020175958e+01
1.316532258064516192e+01	1.558382921365791418e+01
1.550892857142857117e+01	1.786631683989370600e+01
1.325806451612903203e+01	2.148043782508000987e+01
1.401249999999999929e+01	1.323677996153142900e+01
2.116935483870967616e+01	2.873999735509493192e+01
1.422916666666666607e+01	1.891696723329496876e+01
1.297580645161290391e+01	1.274784213850899128e+01
1.768951612903225978e+01	1.598021618887830364e+01
2.211250000000000071e+01	1.894443217456428741e+01
1.594758064516129004e+01	1.251552560795975388e+01
1.371250000000000036e+01	1.551278538550271868e+01
1.208870967741935409e+01	1.368010805511359251e+01
1.773790322580645196e+01	2.446936561637947705e+01
1.707589285714285765e+01	1.620126067369733391e+01
2.764112903225806406e+01	4.072661908323710378e+01
2.157083333333333286e+01	2.032289306764391057e+01
2.262500000000000000e+01	1.933930113908946424e+01
2.162083333333333357e+01	1.928843520451798810e+01
1.930645161290322420e+01	1.837190940405717399e+01
1.812500000000000000e+01	1.773336624067203005e+01
1.904166666666666785e+01	2.002910209059696101e+01
2.172580645161290391e+01	2.248219320810160582e+01
2.065416666666666501e+01	1.917314700231086988e+01
2.062500000000000000e+01	1.454555205818670061e+01
1.693145161290322420e+01	1.438943310174497903e+01
2.290178571428571530e+01	1.788153468037657490e+01
1.517741935483870996e+01	1.412475999630343182e+01
2.062083333333333357e+01	1.770975435474912274e+01
1.732258064516129181e+01	1.276938651815144787e+01
1.260416666666666607e+01	1.237763369841837857e+01
1.250806451612903203e+01	1.307731103842979081e+01
1.716532258064516014e+01	1.626819350933692476e+01
1.892916666666666714e+01	2.160418514946171697e+01
1.408467741935483808e+01	1.737225515267059706e+01
1.455000000000000071e+01	1.776998874507240700e+01
1.522177419354838790e+01	1.375136392346094105e+01
1.822177419354838790e+01	2.127041736583354847e+01
1.587500000000000000e+01	1.331795763958029610e+01
1.520967741935483808e+01	1.681602259825354651e+01
1.643750000000000000e+01	1.833678707998396007e+01
1.932258064516129181e+01	2.005739682844757610e+01
1.453749999999999964e+01	1.540909667750405987e+01
1.290725806451612989e+01	1.231817221325218448e+01
1.366129032258064591e+01	1.570205816423860057e+01
1.509166666666666679e+01	1.382027244867320270e+01
1.500000000000000000e+01	1.651172603861248334e+01
1.531250000000000000e+01	1.426965931910546104e+01
1.403225806451612989e+01	1.351220206252718903e+01
9.846774193548387899e+00	1.187674900861037663e+01
1.100000000000000000e+01	1.145682890556669697e+01
1.391129032258064591e+01	1.415781563294133250e+01
1.155833333333333357e+01	1.148244735333988942e+01
1.016532258064516192e+01	1.147019661469727048e+01
9.849999999999999645e+00	1.158242202650205677e+01
1.351209677419354804e+01	2.038084605520876380e+01
1.260483870967741993e+01	1.232674678349109243e+01
1.459166666666666679e+01	1.704039115030976959e+01
1.358870967741935409e+01	1.361155349905543588e+01
1.848750000000000071e+01	2.092526010391905800e+01
1.176209677419354804e+01	9.523096649571836991e+00
1.170161290322580605e+01	1.141128462327453619e+01
1.179464285714285765e+01	1.055016790054034281e+01
9.995967741935483986e+00	1.003200442449827356e+01
8.437500000000000000e+00	6.448211153749025648e+00
8.447580645161290036e+00	8.042056426441996919e+00
7.275000000000000355e+00	6.497387295418572073e+00
9.975806451612903913e+00	1.054748380762997151e+01
1.031854838709677402e+01	9.773201236490988819e+00
1.383333333333333393e+01	1.287460894767509245e+01
1.564516129032258007e+01	1.474251781160865171e+01
1.330833333333333357e+01	1.376698698174569735e+01
8.262096774193548043e+00	5.764170375662660106e+00
1.036693548387096797e+01	1.094333072619732228e+01
1.424553571428571352e+01	1.564869568043051018e+01
2.062500000000000000e+01	1.959263820352413887e+01
2.252916666666666501e+01	2.183515855920344606e+01
2.369758064516129181e+01	3.042960666667674019e+01
1.173750000000000071e+01	1.338289681210063442e+01
1.122983870967741993e+01	1.280339848935474123e+01
1.504838709677419395e+01	1.509451664951263616e+01
2.233749999999999858e+01	2.247977447432840137e+01
2.072177419354838790e+01	1.698953691523617593e+01
1.652499999999999858e+01	1.801733540232850217e+01
1.621370967741935587e+01	1.729833963073418346e+01
1.950806451612903203e+01	2.118828646565541263e+01
3.513793103448276156e+01	5.723287223864357287e+01
3.630645161290322420e+01	4.176483267893301843e+01
2.041250000000000142e+01	3.014397137765140045e+01
2.509677419354838790e+01	3.520857651996050919e+01
1.771666666666666501e+01	2.891198809413761950e+01
3.372580645161290391e+01	4.864218246205875573e+01
2.212096774193548399e+01	4.290520171899144231e+01
2.014999999999999858e+01	1.925623275721396155e+01
2.305241935483870819e+01	2.070884166676108862e+01
1.568750000000000000e+01	1.903588305674312409e+01
2.214112903225806406e+01	2.501919106018280914e+01
1.823790322580645196e+01	1.664609850996737350e+01
1.910267857142857295e+01	1.835058368000003881e+01
1.838709677419354804e+01	2.280658849253991605e+01
1.401666666666666750e+01	1.428984682290969133e+01
1.202822580645161210e+01	1.146115501472657350e+01
1.707916666666666572e+01	1.756410826958076754e+01
1.454032258064516192e+01	1.575103641932931708e+01
1.845161290322580783e+01	2.458210562082471284e+01
1.951249999999999929e+01	1.680178096958771761e+01
2.088306451612903203e+01	1.570848456672172055e+01
1.851249999999999929e+01	2.038606167008887127e+01
1.394758064516129004e+01	1.448418472161785076e+01
1.915725806451612812e+01	2.926718318930997853e+01
3.391964285714285410e+01	4.788381369688679001e+01
1.997177419354838790e+01	2.568691790953026910e+01
1.742083333333333428e+01	1.796831654066556183e+01
1.898790322580645196e+01	1.506985932647239501e+01
1.997500000000000142e+01	1.901905294697924731e+01
2.625806451612903203e+01	4.968641518884632546e+01
2.098387096774193594e+01	4.707611953184861875e+01
2.254166666666666785e+01	2.614794314196731406e+01
1.703629032258064413e+01	1.552348291209689890e+01
2.193333333333333357e+01	2.715119191163110202e+01
1.201612903225806406e+01	1.270095492407364901e+01
1.539112903225806406e+01	1.527266434335021295e+01
2.083928571428571530e+01	2.011309699967579334e+01
2.297983870967741993e+01	2.040802530251712099e+01
2.072916666666666785e+01	1.876781329756405725e+01
1.655645161290322420e+01	1.647789448818591396e+01
1.757499999999999929e+01	1.669264433815085980e+01
1.787500000000000000e+01	1.470724050891589840e+01
1.045564516129032206e+01	1.092635023337969713e+01
1.592500000000000071e+01	1.780714393157981945e+01
2.269354838709677580e+01	2.150587969841032532e+01
2.252499999999999858e+01	2.340885249216628949e+01
1.454435483870967794e+01	1.505628045153848049e+01
2.538709677419354804e+01	2.117770802938154517e+01
2.358189655172413879e+01	2.341570022640251381e+01
2.183064516129032384e+01	1.986333214996658114e+01
1.718750000000000000e+01	1.601699130350849032e+01
2.063306451612903203e+01	2.573105385607485474e+01
1.172916666666666607e+01	1.392380991822600578e+01
1.557258064516129004e+01	1.525676655121704073e+01
1.810080645161290391e+01	1.960337362328617061e+01
1.779583333333333428e+01	2.257976563147239801e+01
1.749193548387096797e+01	2.119209224388325907e+01
1.307499999999999929e+01	1.656133171980240348e+01
1.382258064516129004e+01	1.872037375001552917e+01
1.200806451612903203e+01	1.821267547250555552e+01
1.404017857142857117e+01	1.287172954177812478e+01
1.420967741935483808e+01	1.268144071490377378e+01
2.220416666666666572e+01	2.206873692139075516e+01
1.455645161290322598e+01	1.600342827150505087e+01
1.203749999999999964e+01	1.206383412311359749e+01
9.274193548387096087e+00	1.066146112790802469e+01
1.070161290322580605e+01	1.054061257838345078e+01
1.100000000000000000e+01	1.072030783140111154e+01
1.384274193548387011e+01	1.412314317448318768e+01
1.262916666666666643e+01	1.125610868101800577e+01
1.722580645161290391e+01	2.411258495852101547e+01
1.347580645161290391e+01	1.450915379008970696e+01
1.508035714285714235e+01	1.696274194103545696e+01
2.050403225806451601e+01	3.597747928911861948e+01
1.336250000000000071e+01	1.449848591232891337e+01
1.507258064516129004e+01	1.719816821973968501e+01
1.432499999999999929e+01	1.321026274025867586e+01
1.351612903225806406e+01	1.321105589719589801e+01
1.461290322580645196e+01	1.368552901697649915e+01
2.149166666666666714e+01	4.030270789771933693e+01
1.407661290322580605e+01	1.607812884751372096e+01
1.355833333333333357e+01	1.464371072812109631e+01
1.302419354838709609e+01	1.314034891130848592e+01
1.434677419354838790e+01	1.539404176466457663e+01
1.781696428571428470e+01	1.938904969118641475e+01
1.560483870967741993e+01	1.937795494569050803e+01
1.415833333333333321e+01	1.458937731897957057e+01
1.591129032258064591e+01	1.954131772258635991e+01
1.353333333333333321e+01	1.902714435279824556e+01
1.162500000000000000e+01	1.265837173573283891e+01
1.137500000000000000e+01	1.089356961105806398e+01
1.355000000000000071e+01	1.261404640338169436e+01
9.423387096774193949e+00	1.139265191076395212e+01
8.691666666666666430e+00	9.820298564141975106e+00
1.206048387096774199e+01	1.079614864534202745e+01
1.350403225806451601e+01	1.573290110848225076e+01
8.928571428571428825e+00	1.105967117642347652e+01
1.245161290322580605e+01	1.848030985230639800e+01
7.233333333333333393e+00	6.401475524352872704e+00
9.592741935483870108e+00	2.211643190534416803e+01
4.737499999999999822e+00	3.879681312083936184e+00
5.201612903225806051e+00	4.796638336796620550e+00
6.000000000000000000e+00	6.164414002968976014e+00
5.216666666666666785e+00	4.267480391154585107e+00
7.125000000000000000e+00	9.846631362732555459e+00
5.387500000000000178e+00	4.928219125607139262e+00
5.427419354838709964e+00	6.141048280662825931e+00
7.310483870967741993e+00	7.762371172359756599e+00
7.049107142857143238e+00	9.373799880667718298e+00
6.495967741935483986e+00	9.739344046216475093e+00
5.250000000000000000e+00	5.677073776750366285e+00
6.161290322580645018e+00	1.050528829714041557e+01
5.979166666666666963e+00	5.376219176976407610e+00
5.612903225806451957e+00	5.361465972822315074e+00
6.116935483870967971e+00	8.167502695815915814e+00
6.020833333333333037e+00	8.612223830437500283e+00
5.391129032258064946e+00	7.130992240788752490e+00
5.625000000000000000e+00	6.577819420851664489e+00
6.375000000000000000e+00	9.576964339901341106e+00
6.092741935483870996e+00	7.902854459676076360e+00
7.580357142857143238e+00	8.009635261065644940e+00
5.943548387096774022e+00	7.813658863061776039e+00
7.887500000000000178e+00	1.245357420247965052e+01
5.596774193548387011e+00	7.365371631600953428e+00
5.379166666666666430e+00	4.887269105088807741e+00
6.298387096774193949e+00	7.301104466503766766e+00
6.189516129032258007e+00	8.035729873793577838e+00
7.025000000000000355e+00	7.258285495441285207e+00
7.233870967741935054e+00	8.506267965037787704e+00
7.612499999999999822e+00	9.163551554028238399e+00
6.108870967741935054e+00	4.850199731450611118e+00
6.532258064516129004e+00	6.633779008483981166e+00
5.919642857142856762e+00	6.660301356407475559e+00
6.701612903225806051e+00	6.503075995138237531e+00
1.031666666666666643e+01	1.726484063703520633e+01
7.834677419354838968e+00	7.138102489738169076e+00
1.133750000000000036e+01	1.158261313708324280e+01
1.083064516129032206e+01	9.997355919952960690e+00
1.414919354838709609e+01	1.637532071081033180e+01
1.400000000000000000e+01	1.348919320542682954e+01
2.629838709677419217e+01	6.772983330836706273e+01
1.632499999999999929e+01	1.533142877664483450e+01
1.347983870967741993e+01	2.268542760849874540e+01
1.505645161290322598e+01	1.499935612561894338e+01
1.256034482758620641e+01	1.104675704722450469e+01
8.737903225806451957e+00	9.005366614502849032e+00
1.309166666666666679e+01	1.654740454640008451e+01
1.301209677419354804e+01	1.452597280481133879e+01
1.048750000000000071e+01	1.432218013257758393e+01
1.078225806451612989e+01	1.041444443864677716e+01
1.021774193548387011e+01	1.144908820420194928e+01
1.117916666666666714e+01	1.229317151805107677e+01
1.301612903225806406e+01	1.489505431611865127e+01
1.155833333333333357e+01	1.234388906391426666e+01
1.056854838709677402e+01	9.645497586919587363e+00
1.601209677419354804e+01	1.495436117606442927e+01
2.029464285714285765e+01	2.128070822904143355e+01
1.663709677419354804e+01	2.127520693861653811e+01
1.655833333333333357e+01	2.027942135652680733e+01
1.063306451612903203e+01	9.283094431365228161e+00
1.382916666666666750e+01	1.445625525411827361e+01
1.177822580645161210e+01	1.400213152255105342e+01
1.679838709677419217e+01	1.633839720428520792e+01
1.633749999999999858e+01	1.519150838736342557e+01
1.121774193548387011e+01	9.987137279029306924e+00
2.007499999999999929e+01	3.106972333853865464e+01
1.070161290322580605e+01	1.120086390584462244e+01
7.633064516129032029e+00	7.803434125891497430e+00
1.749553571428571530e+01	1.679976556167662594e+01
1.397177419354838790e+01	1.194692604871761965e+01
1.157916666666666750e+01	1.121466596198428434e+01
1.137500000000000000e+01	1.335859711704353536e+01
1.131666666666666643e+01	1.187362857577899611e+01
1.242741935483870996e+01	1.263135715839161932e+01
1.195161290322580605e+01	1.390512486094760725e+01
1.416666666666666607e+01	1.546169101000563018e+01
1.266532258064516192e+01	1.179516401966417938e+01
9.604166666666666075e+00	9.434289372932241236e+00
1.643951612903225978e+01	2.156246484260205420e+01
1.649596774193548399e+01	2.001632357720434641e+01
2.533035714285714235e+01	4.021824132886388270e+01
1.430241935483870996e+01	2.043659732626139558e+01
1.212916666666666643e+01	1.199253167484756766e+01
1.679032258064516014e+01	1.560617857046884716e+01
1.484999999999999964e+01	1.323924091479568332e+01
1.692741935483870819e+01	1.866304498679088297e+01
1.545161290322580605e+01	1.270119046916575734e+01
1.676249999999999929e+01	1.824434415784793018e+01
1.846774193548387188e+01	2.020377459299054834e+01
1.455416666666666714e+01	1.606747437025772740e+01
1.154838709677419395e+01	1.118420173129424278e+01
1.363306451612903203e+01	1.222266681854365267e+01
1.699137931034482918e+01	1.647594677811973440e+01
2.318951612903225978e+01	2.307334839630958001e+01
1.562916666666666643e+01	1.489043258736592001e+01
1.892741935483870819e+01	1.698299594903051002e+01
1.255000000000000071e+01	1.165965265348843971e+01
1.037903225806451601e+01	1.296993592016371366e+01
1.817741935483870819e+01	2.181171200151526079e+01
3.162916666666666643e+01	5.274522078797492952e+01
1.578225806451612989e+01	1.863834950634040410e+01
1.743750000000000000e+01	2.140025919819664324e+01
1.144354838709677402e+01	1.419893363746753501e+01
2.481451612903225978e+01	3.557644357814724856e+01
1.704464285714285765e+01	1.828147403054774855e+01
1.976209677419354804e+01	2.226444472313074030e+01
1.214583333333333393e+01	1.236997302498630624e+01
1.833467741935483986e+01	3.264009641914037729e+01
1.149583333333333357e+01	1.128605257115564342e+01
1.256048387096774199e+01	1.062314362187719574e+01
1.761290322580645196e+01	1.672799935853124964e+01
2.763749999999999929e+01	7.914610599233546395e+01
1.939112903225806406e+01	2.518072263207855954e+01
1.162916666666666643e+01	1.290832997094856083e+01
1.384274193548387011e+01	1.476985636348298492e+01
1.281451612903225801e+01	1.470015741384001018e+01
1.460267857142857117e+01	1.498505779471568822e+01
2.089516129032258007e+01	2.804139179866512066e+01
1.975000000000000000e+01	2.152314645523124526e+01
1.724596774193548399e+01	1.486009974347602380e+01
1.374583333333333357e+01	1.832069592852726458e+01
1.077419354838709609e+01	1.187830681270409805e+01
2.023790322580645196e+01	2.080196211566597597e+01
1.923750000000000071e+01	2.123866977355220342e+01
2.436693548387096797e+01	2.210108821497620823e+01
1.789166666666666572e+01	1.647816526666593617e+01
1.952419354838709609e+01	1.629761693923448718e+01
2.130241935483870819e+01	1.714811173517965415e+01
2.365178571428571530e+01	1.854204191128355461e+01
2.147580645161290391e+01	1.893876537758085021e+01
2.114166666666666572e+01	1.963788678097066054e+01
1.656048387096774022e+01	1.529693896507901663e+01
1.355416666666666714e+01	1.278659712246468771e+01
1.529435483870967794e+01	1.474808791553712162e+01
1.191532258064516192e+01	1.226935958285358375e+01
1.218333333333333357e+01	1.367783080592663048e+01
1.251209677419354804e+01	1.413015017579907884e+01
1.065000000000000036e+01	1.120948259287644433e+01
1.095967741935483808e+01	1.629263597435098632e+01
7.568548387096774022e+00	6.516367320379530703e+00
7.987068965517241104e+00	6.627711288693725500e+00
7.677419354838709964e+00	8.922650035883465947e+00
9.437500000000000000e+00	1.062290420506558064e+01
9.556451612903225978e+00	1.239849263688991776e+01
8.375000000000000000e+00	8.491723912139395480e+00
7.810483870967741993e+00	8.110152126058078892e+00
1.050000000000000000e+01	1.175900478562650697e+01
9.787499999999999645e+00	1.158953595921769519e+01
9.504032258064516014e+00	1.079202138972948610e+01
9.395833333333333925e+00	9.445765328383343373e+00
9.358870967741935942e+00	1.085889342738115459e+01
1.031854838709677402e+01	1.127726707724569621e+01
9.495535714285713524e+00	9.199183663247138654e+00
9.870967741935483986e+00	1.032376505301855119e+01
9.837500000000000355e+00	1.130240802144982304e+01
8.963709677419354094e+00	1.015379187614656153e+01
6.983333333333333393e+00	7.062203779431900585e+00
6.951612903225806051e+00	6.608712283319986724e+00
6.681451612903225978e+00	6.355031876464861895e+00
9.995833333333333570e+00	1.064522503154452870e+01
1.065322580645161210e+01	1.132122211774568044e+01
7.629166666666666430e+00	7.292689214015789290e+00
6.649193548387096975e+00	7.335419991139565887e+00
7.145161290322580960e+00	7.163070107229316363e+00
7.330357142857143238e+00	6.115536994376850721e+00
1.008467741935483808e+01	9.322454200225203991e+00
1.347916666666666607e+01	2.023547790323278406e+01
8.060483870967741993e+00	8.276008062060370207e+00
1.030416666666666714e+01	1.005542884742145304e+01
1.285080645161290391e+01	1.521823500833754927e+01
1.491129032258064591e+01	1.255697473375254702e+01
1.177083333333333393e+01	1.363488110101767248e+01
1.326612903225806406e+01	1.181757089209970779e+01
1.340000000000000036e+01	1.327491368459069676e+01
9.302419354838709964e+00	1.037683496178586751e+01
1.093548387096774199e+01	1.120789031937010805e+01
1.350446428571428648e+01	1.363425235254981693e+01
1.499596774193548399e+01	1.510086997704024725e+01
1.529583333333333250e+01	1.563542929713014118e+01
1.388306451612903203e+01	1.277087299523230790e+01
1.790416666666666501e+01	3.829027268953420560e+01
1.116935483870967794e+01	1.230310855958477845e+01
1.472177419354838790e+01	1.384444141677662010e+01
1.696666666666666501e+01	1.931447355971393876e+01
2.132258064516129181e+01	2.367881467278319008e+01
2.489999999999999858e+01	2.833751929862598118e+01
1.240322580645161210e+01	1.447434847541405212e+01
1.601612903225806406e+01	1.906884127565841069e+01
1.162068965517241459e+01	1.101030486941570530e+01
2.499596774193548399e+01	2.729254565365832264e+01
1.919166666666666643e+01	2.205251150977795049e+01
2.018145161290322420e+01	1.718575397904624324e+01
1.574166666666666714e+01	1.198088465941569147e+01
1.972177419354838790e+01	1.798787701294631702e+01
2.136290322580645196e+01	2.335674754942153797e+01
2.237083333333333357e+01	1.847994361388103002e+01
2.445161290322580783e+01	2.431442384832432069e+01
2.396249999999999858e+01	1.815726008377915690e+01
1.888709677419354804e+01	1.590126271990400575e+01
2.507661290322580783e+01	2.529372167692035944e+01
1.908928571428571530e+01	1.836779672776931349e+01
1.615322580645161210e+01	1.351077488456045295e+01
1.666250000000000142e+01	1.457818897360025368e+01
1.589516129032258007e+01	1.381958553390166422e+01
1.265416666666666679e+01	1.316565858482674578e+01
1.460080645161290391e+01	1.588586811607249594e+01
2.814919354838709609e+01	4.178928901966376230e+01
1.606250000000000000e+01	1.634218244554053712e+01
2.019758064516129181e+01	1.911861516322835897e+01
1.482083333333333286e+01	1.476077231399345102e+01
1.982258064516129181e+01	2.159844244201224228e+01
1.777419354838709609e+01	1.787042912895103441e+01
2.133928571428571530e+01	2.052461656655445310e+01
1.969354838709677580e+01	2.333354826222799971e+01
2.053333333333333499e+01	1.977980170667935411e+01
1.878225806451612812e+01	1.974068195208571552e+01
1.559166666666666679e+01	1.745780428792680539e+01
1.735483870967741993e+01	1.423687485437540623e+01
2.222580645161290391e+01	2.179665508138192820e+01
2.840416666666666501e+01	2.443305444076846555e+01
2.641532258064516014e+01	2.477041531537050645e+01
2.307916666666666572e+01	2.307573543729911592e+01
2.808064516129032384e+01	2.930542633177331169e+01
2.779032258064516014e+01	2.707196925328448600e+01
2.650892857142857295e+01	2.299126213513139305e+01
3.067338709677419217e+01	2.486662359816340029e+01
2.126666666666666572e+01	2.011083179670983867e+01
2.747983870967741993e+01	2.829481167486224535e+01
1.390416666666666679e+01	1.261196452998324702e+01
1.489112903225806406e+01	1.586079317107466657e+01
2.265322580645161210e+01	4.442428214876277082e+01
2.527916666666666501e+01	2.549561202714868813e+01
2.685483870967741993e+01	3.254158469791237707e+01
1.428333333333333321e+01	1.754051658937735425e+01
1.841935483870967616e+01	2.221507653352151834e+01
1.668548387096774022e+01	1.345054677835948098e+01
1.410344827586206939e+01	1.573754532755917879e+01
2.845161290322580783e+01	4.883883218973000595e+01
1.780833333333333357e+01	1.867966623244525337e+01
1.771370967741935587e+01	1.814954382558975254e+01
1.235833333333333250e+01	1.345999989681360276e+01
1.399193548387096797e+01	1.505018270585804707e+01
1.482258064516129004e+01	1.428062548728214765e+01
2.567500000000000071e+01	2.619260789484951957e+01
1.732661290322580783e+01	1.912190775705998647e+01
1.511666666666666714e+01	1.431065065684374105e+01
1.698790322580645196e+01	1.492359083282148546e+01
1.166935483870967794e+01	1.013594830150902482e+01
1.059375000000000000e+01	1.013393152139667563e+01
1.562903225806451601e+01	1.553506322439841902e+01
1.723333333333333428e+01	1.950586806294169762e+01
4.054032258064516014e+01	8.673480151268191207e+01
1.240833333333333321e+01	1.153003023509575264e+01
1.331451612903225801e+01	1.098119135046586514e+01
1.457258064516129004e+01	1.365866934144685452e+01
1.240416666666666679e+01	1.637882217902808435e+01
1.622580645161290391e+01	1.722705987949108319e+01
1.619583333333333286e+01	1.775971516209899548e+01
1.777419354838709609e+01	1.936630708617643037e+01
1.800000000000000000e+01	1.998204839510994901e+01
1.861160714285714235e+01	1.606532560214096961e+01
2.408870967741935587e+01	2.111623442755795210e+01
2.351249999999999929e+01	2.078881535225131572e+01
1.833064516129032384e+01	1.724735686818724290e+01
1.858749999999999858e+01	1.611962604249862707e+01
2.002822580645161210e+01	1.768574266539097906e+01
2.067741935483870819e+01	1.743608067970846776e+01
1.967083333333333428e+01	2.119050453950752200e+01
2.014112903225806406e+01	2.165064072692945629e+01
1.309166666666666679e+01	1.433585006974550424e+01
1.037096774193548399e+01	1.110795104791294818e+01
1.016129032258064591e+01	9.412489212412268103e+00
1.367410714285714235e+01	1.638994816918346231e+01
1.206048387096774199e+01	1.530866462723299470e+01
1.002500000000000036e+01	1.004860064884658399e+01
1.011290322580645196e+01	1.198130915178449030e+01
1.113333333333333286e+01	1.448213458790596420e+01
8.399193548387096087e+00	9.267416001757760924e+00
7.286290322580645018e+00	8.613725306605051202e+00
1.073750000000000071e+01	1.622504012578500010e+01
1.256854838709677402e+01	1.969821044326142712e+01
7.837500000000000355e+00	8.408988866088478176e+00
9.564516129032258007e+00	1.036374102299335398e+01
1.362903225806451601e+01	1.803914549060507611e+01
1.093534482758620641e+01	1.170102231247150470e+01
1.292338709677419395e+01	1.290435415933362151e+01
7.308333333333333570e+00	8.563289704053900664e+00
1.019758064516129004e+01	1.475598819785070326e+01
1.233750000000000036e+01	1.645140096617913983e+01
9.709677419354838079e+00	9.312906577873514280e+00
6.915322580645161032e+00	9.078781930829412872e+00
1.259999999999999964e+01	1.468638825579659013e+01
8.741935483870967971e+00	1.235814408744938753e+01
9.329166666666667496e+00	1.132861344732394393e+01
7.870967741935483986e+00	8.539724765089067304e+00
9.358870967741935942e+00	1.145416188691856085e+01
8.571428571428571175e+00	9.153174981660624709e+00
8.564516129032258007e+00	9.244651405249339149e+00
1.080833333333333357e+01	1.010923326579331771e+01
1.097580645161290391e+01	1.507104878389058733e+01
1.771249999999999858e+01	1.847105421328192776e+01
1.180645161290322598e+01	1.266706258395067763e+01
1.362500000000000000e+01	1.408673091612194384e+01
1.798750000000000071e+01	2.095878520056287542e+01
2.169758064516129181e+01	2.427167459602054578e+01
1.317500000000000071e+01	1.637918521579548425e+01
1.292741935483870996e+01	1.413168105602807678e+01
2.720564516129032384e+01	3.561943290382678384e+01
2.622767857142857295e+01	3.118732202875481008e+01
2.765322580645161210e+01	2.513673714128987413e+01
2.719583333333333286e+01	3.576775758471432454e+01
1.968145161290322420e+01	1.924479765033910184e+01
1.622500000000000142e+01	2.075369946941187393e+01
1.139516129032258007e+01	1.095210875878741597e+01
1.318145161290322598e+01	1.215671105600818436e+01
2.273333333333333428e+01	2.833570578302616383e+01
2.336693548387096797e+01	4.583990412253912439e+01
1.194166666666666643e+01	1.589853024304098739e+01
1.331048387096774199e+01	1.281900880967959644e+01
1.558467741935483808e+01	1.704243065521691491e+01
1.521428571428571352e+01	1.369595128615216062e+01
2.075806451612903203e+01	1.902624289854798079e+01
1.567083333333333250e+01	1.922920910071157508e+01
1.684677419354838790e+01	1.933096477860306095e+01
1.120833333333333393e+01	1.076676664040272158e+01
1.656451612903225978e+01	3.102177745356916461e+01
1.853225806451612812e+01	2.862506106032957121e+01
2.096249999999999858e+01	1.935293501642580338e+01
2.475806451612903203e+01	3.925862776917220032e+01
8.020833333333333925e+00	9.501512123808973698e+00
1.590322580645161210e+01	1.854741932959194983e+01
1.016935483870967794e+01	1.083953469882322551e+01
1.356465517241379359e+01	1.109151395336298052e+01
1.136290322580645196e+01	1.228087595214303462e+01
1.287916666666666643e+01	1.211739380555443191e+01
2.359677419354838790e+01	2.797750229658579002e+01
2.025416666666666643e+01	1.732910555411200804e+01
2.780241935483870819e+01	6.288601178336634234e+01
1.590322580645161210e+01	1.715720452211045810e+01
1.959166666666666501e+01	1.946963269356210091e+01
2.350000000000000000e+01	2.743834731221628331e+01
1.822083333333333499e+01	1.867320895397705627e+01
1.565322580645161210e+01	1.510423159829118411e+01
1.308064516129032206e+01	1.395591952923015278e+01
2.402678571428571530e+01	3.168101612204870676e+01
2.627016129032258007e+01	2.684865732162383978e+01
1.396250000000000036e+01	1.263339860911016643e+01
1.630645161290322420e+01	1.287074540999661920e+01
1.476249999999999929e+01	1.411699072335649419e+01
1.858467741935483986e+01	2.283533461883153848e+01
1.592338709677419395e+01	2.153219123766360710e+01
2.152916666666666501e+01	1.936726144740712030e+01
2.555241935483870819e+01	2.496330521084794185e+01
2.269999999999999929e+01	2.261474445282693324e+01
2.103629032258064413e+01	2.077011980131251079e+01
2.100000000000000000e+01	1.783458944425582615e+01
2.796428571428571530e+01	2.253209162641640972e+01
3.090322580645161210e+01	2.813430329423917087e+01
3.822500000000000142e+01	2.637200614919792940e+01
3.641935483870967971e+01	2.880232875166955608e+01
3.337083333333333002e+01	2.656532795403730063e+01
2.837903225806451601e+01	2.111492849893384260e+01
3.336693548387096797e+01	2.585377685572294126e+01
2.882499999999999929e+01	2.703105081814862132e+01
2.929032258064516014e+01	2.464956787998798049e+01
1.884583333333333499e+01	1.930039894161660996e+01
1.718145161290322420e+01	2.278890104406190531e+01
1.300403225806451601e+01	1.239683166594586616e+01
1.539732142857142883e+01	1.742146131223860550e+01
1.290725806451612989e+01	1.132561807319381231e+01
9.954166666666667496e+00	1.019487122555040237e+01
1.203225806451612989e+01	1.314800088071221573e+01
1.469999999999999929e+01	1.468479939710901583e+01
1.309677419354838790e+01	1.313817348406537633e+01
1.770967741935483986e+01	1.493306257806676207e+01
2.127499999999999858e+01	1.597652574873523612e+01
2.737903225806451601e+01	2.402253402534710602e+01
2.377916666666666501e+01	1.772583987588615173e+01
2.114112903225806406e+01	1.683554952347989797e+01
2.023790322580645196e+01	1.616808930370469710e+01
2.144827586206896441e+01	1.911121932070008000e+01
2.796370967741935587e+01	2.328683982035644462e+01
2.827499999999999858e+01	1.983198699912173169e+01
2.224596774193548399e+01	2.340509283975752908e+01
1.186250000000000071e+01	1.104921990081954597e+01
1.247177419354838790e+01	1.278825734353572230e+01
1.908064516129032384e+01	2.040501075961235244e+01
1.913749999999999929e+01	1.839072031623557635e+01
1.720564516129032384e+01	1.703915226963002283e+01
1.383333333333333393e+01	1.280874267400547240e+01
1.531048387096774199e+01	1.447593842603152048e+01
1.592338709677419395e+01	1.402180680037099592e+01
1.840178571428571530e+01	1.980686200601978797e+01
1.923790322580645196e+01	1.950278761192348398e+01
2.116666666666666785e+01	1.844421017254164852e+01
1.755645161290322420e+01	2.226048227869101481e+01
1.365416666666666679e+01	1.298144442292750256e+01
1.230645161290322598e+01	1.360038983036814564e+01
1.419354838709677402e+01	1.710530827783927066e+01
1.844583333333333286e+01	2.147724530688752509e+01
1.686290322580645196e+01	1.652873093767303203e+01
1.600833333333333286e+01	1.514925511553474280e+01
1.302419354838709609e+01	1.394977379263781714e+01
1.152822580645161210e+01	1.178739800341648625e+01
1.490625000000000000e+01	1.603192006396925606e+01
2.002419354838709609e+01	1.927766705102774836e+01
1.134166666666666679e+01	1.168403171949743680e+01
1.144758064516129004e+01	1.430476439754611206e+01
1.002500000000000036e+01	1.055616920730874497e+01
1.026612903225806406e+01	1.373311800637055136e+01
1.741532258064516014e+01	1.474845833580711840e+01
1.766666666666666785e+01	1.876092274442337171e+01
1.162096774193548399e+01	1.183154118470670824e+01
9.508333333333332860e+00	1.102421261990573775e+01
1.550806451612903203e+01	1.664864421862688459e+01
1.568951612903225801e+01	1.381897549157811689e+01
1.651785714285714235e+01	1.608431031363502939e+01
1.783064516129032384e+01	1.877228644287755444e+01
1.363749999999999929e+01	1.850151598518348450e+01
1.161290322580645196e+01	1.536502610004782632e+01
1.645833333333333215e+01	1.959736199650917854e+01
1.254838709677419395e+01	1.480537981924447521e+01
9.875000000000000000e+00	9.218040910399912136e+00
2.078750000000000142e+01	2.171310688079130458e+01
2.020564516129032384e+01	1.875677427052369950e+01
1.567083333333333250e+01	1.512627347715079118e+01
1.770564516129032384e+01	1.425028467411947375e+01
1.753629032258064413e+01	1.426614441819772594e+01
1.984051724137930961e+01	1.687237835803237118e+01
1.554032258064516192e+01	1.302627567497547822e+01
2.215416666666666501e+01	2.026977386748280452e+01
1.757258064516129181e+01	1.603558210169716958e+01
1.987083333333333357e+01	2.226273005059252696e+01
1.802822580645161210e+01	1.766817834086172212e+01
1.025000000000000000e+01	9.143237409286747663e+00
9.779166666666666785e+00	9.169082068136493291e+00
1.543951612903225801e+01	1.648913287567528130e+01
1.808749999999999858e+01	2.186999109320044354e+01
1.207258064516129004e+01	1.170619727454621106e+01
1.223387096774193594e+01	1.439456039226542217e+01
2.234375000000000000e+01	2.070396477407338054e+01
1.861693548387096797e+01	2.048294027286229380e+01
2.633333333333333215e+01	3.800972097883499146e+01
1.862096774193548399e+01	1.849022965276155261e+01
1.894999999999999929e+01	1.565186357381552540e+01
1.882661290322580783e+01	1.733465021870919642e+01
1.474193548387096797e+01	2.413399121027794081e+01
1.470833333333333393e+01	1.575906925833150041e+01
2.788306451612903203e+01	2.673477927469769710e+01
1.939583333333333215e+01	1.788101831474433467e+01
1.654838709677419217e+01	1.662021448888694763e+01
4.668951612903225623e+01	8.224690142074811661e+01
2.604464285714285765e+01	2.422804174949568790e+01
2.046774193548387188e+01	2.309427923990748965e+01
2.616250000000000142e+01	4.937824514652175623e+01
2.377419354838709609e+01	3.826632873261056034e+01
1.478749999999999964e+01	1.466290138694703593e+01
1.974596774193548399e+01	2.276289035446250253e+01
1.991129032258064413e+01	2.484370891249163193e+01
2.479166666666666785e+01	3.078457293118674798e+01
2.410080645161290391e+01	2.489335964044117588e+01
1.789583333333333215e+01	1.636057199404172025e+01
1.956451612903225978e+01	1.889668085528551345e+01
1.356048387096774199e+01	9.956982624855550412e+00
2.182142857142857295e+01	2.311914570132693569e+01
2.705645161290322420e+01	1.944898306461442061e+01
3.612916666666666998e+01	4.476433642948616409e+01
2.781451612903225978e+01	1.969663756120525733e+01
2.282083333333333286e+01	1.977195992575231642e+01
2.618548387096774022e+01	2.773633547192257254e+01
2.305645161290322420e+01	3.256997489756944475e+01
1.919166666666666643e+01	1.748513455926363847e+01
2.842338709677419217e+01	3.173406028348661323e+01
1.458750000000000036e+01	1.419010255130901577e+01
1.862903225806451601e+01	1.826218892205328714e+01
2.482661290322580783e+01	2.538236182378192041e+01
2.016379310344827758e+01	1.511875061290200861e+01
4.396370967741935232e+01	8.195033589912996774e+01
2.240416666666666501e+01	2.921014348884456879e+01
2.008467741935483986e+01	2.094955748379686966e+01
2.367083333333333428e+01	3.249275533569837648e+01
1.846370967741935587e+01	1.715438359606296359e+01
1.840322580645161210e+01	1.756091671997181436e+01
2.015833333333333499e+01	1.990246878879323589e+01
2.198387096774193594e+01	2.069478034197766902e+01
2.510833333333333428e+01	2.308942609122674128e+01
2.378225806451612812e+01	1.938554519849983748e+01
2.197177419354838790e+01	1.754611463509004921e+01
2.770982142857142705e+01	1.919357900361764635e+01
4.291129032258064768e+01	6.017387602938325841e+01
2.159166666666666501e+01	2.050162425814653133e+01
1.916532258064516014e+01	1.537727452021766084e+01
1.741250000000000142e+01	1.689997072236122833e+01
2.796370967741935587e+01	6.207801651652049202e+01
2.238306451612903203e+01	2.403916569648236745e+01
3.820833333333333570e+01	7.985564015076762701e+01
1.751209677419354804e+01	2.168431532438616927e+01
2.371666666666666501e+01	2.409207453822844869e+01
1.939112903225806406e+01	2.059802101399618124e+01
1.462500000000000000e+01	1.214464653730725274e+01
1.884821428571428470e+01	2.151420204582004203e+01
3.237903225806451957e+01	3.840186334985445882e+01
2.446666666666666501e+01	2.589688956011684695e+01
1.421774193548387011e+01	1.338846427139072404e+01
1.464166666666666750e+01	1.225479214656681037e+01
2.304435483870967616e+01	1.793047865803775665e+01
2.195967741935483986e+01	2.046531258619766191e+01
2.583749999999999858e+01	2.079169129925060489e+01
3.035887096774193594e+01	2.711988471790363420e+01
2.289166666666666572e+01	1.863611897782249116e+01
1.847983870967741993e+01	1.776298924930034318e+01
1.817741935483870819e+01	1.876555199634072579e+01
1.720089285714285765e+01	1.633001725316052344e+01
2.106451612903225978e+01	1.859272400849836515e+01
2.196249999999999858e+01	1.859599671300250279e+01
2.454435483870967616e+01	2.146710838295885537e+01
2.119166666666666643e+01	1.782685045716775463e+01
2.443145161290322420e+01	1.890050719124670309e+01
4.099193548387096797e+01	3.247790712303691407e+01
3.537916666666666998e+01	2.320474949887534422e+01
3.280645161290322420e+01	2.554318841698747633e+01
2.963333333333333286e+01	2.634132790038413319e+01
2.335887096774193594e+01	2.116896889049101560e+01
2.122983870967741993e+01	1.931632887647930019e+01
1.796120689655172242e+01	1.863911474677380298e+01
2.665322580645161210e+01	2.383141202848861795e+01
2.168333333333333357e+01	2.400902029562130124e+01
1.612096774193548399e+01	1.776599358594203792e+01
1.490000000000000036e+01	1.252823477855785939e+01
1.114112903225806406e+01	8.347314732380420210e+00
1.648790322580645196e+01	1.542724387789517415e+01
1.752499999999999858e+01	1.543343907451176733e+01
1.720967741935483986e+01	1.567424134787472312e+01
1.125833333333333286e+01	1.193907857509205783e+01
2.189112903225806406e+01	3.337229271874995362e+01
1.618145161290322420e+01	1.824594902868404134e+01
1.651339285714285765e+01	1.480437312041683207e+01
2.508064516129032384e+01	2.854583094078531147e+01
1.918750000000000000e+01	2.118613564928724813e+01
1.542338709677419395e+01	1.182065994057866831e+01
1.108750000000000036e+01	1.096759668675564292e+01
1.533064516129032206e+01	1.560485954820647514e+01
1.214112903225806406e+01	1.255986639604802946e+01
1.567083333333333250e+01	1.728691651622373016e+01
1.797580645161290391e+01	2.002718463363324730e+01
1.205416666666666714e+01	1.324863134964849465e+01
2.029838709677419217e+01	2.154065168043664613e+01
1.923387096774193594e+01	2.144501929953769093e+01
3.021875000000000000e+01	5.144832190663684202e+01
4.355241935483871174e+01	7.670453677513903301e+01
2.502083333333333215e+01	3.381388372605088222e+01
2.407661290322580783e+01	2.264038145435149474e+01
2.235416666666666785e+01	2.049236604133896122e+01
2.865725806451612812e+01	4.242592533898213958e+01
1.671370967741935587e+01	1.933310229380710510e+01
4.175416666666666998e+01	6.849101205734142184e+01
1.963709677419354804e+01	1.637185560916687521e+01
1.932916666666666572e+01	1.594482620284363250e+01
1.436693548387096797e+01	1.180684753324345415e+01
2.062903225806451601e+01	2.360613224796974308e+01
1.719196428571428470e+01	1.775185422102262578e+01
3.796370967741935232e+01	3.931452336641785905e+01
2.334583333333333499e+01	2.925037719367431066e+01
1.915725806451612812e+01	2.041355366238203928e+01
2.112500000000000000e+01	1.939762120295510428e+01
2.144758064516129181e+01	2.554307861465535723e+01
3.292338709677419217e+01	3.235872173616478165e+01
3.915416666666666856e+01	3.025222414917988090e+01
3.131854838709677580e+01	2.501288657206547938e+01
2.076666666666666572e+01	2.005086587213186178e+01
1.793548387096774022e+01	1.331549057609211495e+01
2.089112903225806406e+01	1.896389401321998847e+01
2.110344827586206762e+01	1.583529411894618200e+01
2.428629032258064413e+01	2.723069554357142508e+01
1.780833333333333357e+01	1.717861841230416076e+01
2.369354838709677580e+01	2.048511553242233774e+01
1.497499999999999964e+01	1.291701881240404681e+01
1.618548387096774022e+01	1.236140386084971254e+01
2.829838709677419217e+01	3.409935195645447692e+01
2.206250000000000000e+01	1.693960626510152068e+01
3.618145161290322420e+01	4.070937687603134236e+01
2.317083333333333428e+01	1.887480638237706998e+01
2.302016129032258007e+01	2.157534614471591894e+01
2.989112903225806406e+01	4.838655090417899629e+01
2.048660714285714235e+01	1.755373889525550979e+01
2.478225806451612812e+01	2.665008033755093564e+01
1.761666666666666714e+01	2.137782469964820464e+01
2.239112903225806406e+01	4.185377100229300851e+01
1.798333333333333428e+01	1.668206788407507091e+01
1.181854838709677402e+01	1.102322231250392903e+01
1.925806451612903203e+01	2.089890063775617435e+01
1.784583333333333499e+01	1.582156964312397918e+01
3.280241935483871174e+01	3.701140400477650871e+01
2.472916666666666785e+01	2.298544791758955697e+01
1.514516129032258007e+01	1.143226443602822684e+01
1.959677419354838790e+01	1.762165976348366669e+01
2.322321428571428470e+01	3.241643372400260148e+01
2.062096774193548399e+01	2.692824777247368218e+01
2.385416666666666785e+01	1.942226984603556161e+01
2.173387096774193594e+01	1.986308330959712620e+01
1.904166666666666785e+01	1.898415823493074583e+01
1.951612903225806406e+01	1.686233819883048923e+01
3.020564516129032384e+01	3.408732335184803475e+01
2.935000000000000142e+01	2.555211993814473104e+01
3.455241935483871174e+01	2.934481589571101168e+01
2.802499999999999858e+01	2.693695185057136143e+01
2.404435483870967616e+01	2.148860464112262036e+01
2.316129032258064413e+01	1.763719817956894786e+01
2.925446428571428470e+01	2.643696137037546379e+01
2.857661290322580783e+01	2.198684947458134786e+01
3.207500000000000284e+01	2.550985512176291081e+01
2.554032258064516014e+01	2.529866730952200271e+01
2.319583333333333286e+01	2.098628479044243633e+01
2.527419354838709609e+01	1.962484382912072078e+01
2.978629032258064413e+01	2.221228893623258571e+01
4.446666666666666856e+01	4.227507802739366127e+01
3.036290322580645196e+01	3.532700572517806847e+01
2.578333333333333499e+01	1.865126596835245110e+01
2.820564516129032384e+01	2.387995110770429363e+01
2.854032258064516014e+01	2.402817539471459085e+01
3.438793103448276156e+01	2.827231238232061727e+01
4.016129032258064768e+01	3.364937498743097422e+01
3.801250000000000284e+01	3.272543369333195784e+01
3.311693548387096797e+01	2.945592722480922276e+01
2.389166666666666572e+01	2.402769091185325578e+01
2.079435483870967616e+01	2.031630047292930641e+01
1.902822580645161210e+01	1.625636381833811939e+01
2.850000000000000000e+01	2.576431640855235017e+01
2.642741935483870819e+01	2.541357060233027099e+01
1.900416666666666643e+01	1.730811416568027639e+01
2.345161290322580783e+01	2.060627638441262022e+01
2.242338709677419217e+01	2.108417694765042327e+01
2.120982142857142705e+01	2.192368443610303430e+01
2.748387096774193594e+01	2.365408778386045441e+01
2.275000000000000000e+01	1.689834804549446545e+01
2.147177419354838790e+01	2.327412054567944111e+01
1.844166666666666643e+01	2.050743598199335338e+01
2.254838709677419217e+01	1.896765278671172084e+01
2.609274193548387188e+01	2.304928685968080515e+01
2.909166666666666501e+01	2.734410229931777536e+01
2.238709677419354804e+01	2.415114025138870346e+01
2.025833333333333286e+01	1.947369843033304093e+01
1.263709677419354804e+01	1.092041198961343262e+01
1.392741935483870996e+01	1.224986727189238600e+01
2.454017857142857295e+01	2.112480329503274845e+01
2.563709677419354804e+01	1.878414511497161854e+01
2.062500000000000000e+01	1.675189665878663092e+01
1.206451612903225801e+01	8.893856102882040204e+00
9.716666666666666785e+00	8.177390917781918844e+00
1.312500000000000000e+01	1.109183167194263220e+01
1.650806451612903203e+01	1.192347641429668315e+01
2.547500000000000142e+01	1.896134774569923209e+01
2.118548387096774022e+01	1.957774696891274502e+01
1.455833333333333357e+01	1.322705298074954960e+01
1.095161290322580605e+01	1.070751532781146054e+01
1.931048387096774022e+01	2.590468670558005115e+01
1.827678571428571530e+01	1.514083281196235653e+01
2.367741935483870819e+01	2.264916447476123906e+01
2.110833333333333428e+01	2.021480308805625725e+01
1.675806451612903203e+01	1.922400673542275840e+01
1.509583333333333321e+01	1.214372194341129152e+01
1.229435483870967794e+01	1.146198346301143189e+01
1.426612903225806406e+01	1.409049603683262220e+01
1.915833333333333499e+01	1.562236422213004516e+01
1.785887096774193594e+01	1.969792650008384527e+01
1.996249999999999858e+01	2.390420661201705244e+01
1.414919354838709609e+01	1.373239045966624694e+01
2.880645161290322420e+01	2.385733045504477801e+01
2.339224137931034520e+01	2.997781550684481644e+01
2.773790322580645196e+01	2.523358326983696642e+01
3.177083333333333215e+01	3.808479551350585268e+01
2.936693548387096797e+01	3.390128035876490742e+01
2.360833333333333428e+01	1.631808599547004235e+01
1.984677419354838790e+01	1.733332812208091767e+01
2.075000000000000000e+01	2.253210075683421465e+01
2.240416666666666501e+01	3.271975676313760317e+01
1.935887096774193594e+01	2.120265698542083754e+01
3.235416666666666430e+01	3.180100206972869969e+01
1.827016129032258007e+01	1.575504261231688830e+01
2.868951612903225978e+01	4.477241251425384405e+01
2.683482142857142705e+01	2.588133017744309328e+01
3.665322580645161565e+01	4.206006541242415153e+01
2.882083333333333286e+01	2.374248090039361614e+01
1.806048387096774022e+01	1.280689279223010146e+01
2.905833333333333357e+01	3.385946343179243456e+01
2.167741935483870819e+01	2.410328862152483609e+01
2.074596774193548399e+01	2.087568773908070341e+01
5.696666666666666856e+01	7.369536771210401582e+01
2.404838709677419217e+01	1.815051533912914650e+01
2.948333333333333428e+01	2.449472165363160059e+01
3.166532258064516014e+01	2.051329444749161013e+01
2.545161290322580783e+01	1.644166365822376719e+01
4.321428571428571530e+01	6.250184691148685090e+01
3.608064516129032029e+01	2.144971492937630586e+01
2.759583333333333499e+01	1.783907179869201798e+01
2.521370967741935587e+01	2.335315076717534666e+01
2.972083333333333499e+01	2.832330429120554172e+01
3.600403225806451957e+01	6.530026786882956458e+01
2.506854838709677580e+01	2.788410886015685364e+01
2.645416666666666572e+01	4.272867381480757842e+01
2.473790322580645196e+01	2.443457060733476993e+01
1.500416666666666643e+01	1.266672080580535287e+01
2.723790322580645196e+01	2.845659992821534701e+01
2.432258064516129181e+01	2.010939773367761063e+01
3.588839285714285410e+01	3.052693554626247163e+01
2.985483870967741993e+01	4.026689057509765490e+01
2.425000000000000000e+01	2.875101447485520012e+01
2.568951612903225978e+01	2.941657783255510239e+01
2.163749999999999929e+01	1.914064855440727442e+01
4.251612903225806406e+01	7.872379070983107852e+01
3.123790322580645196e+01	3.192765029982717095e+01
3.611249999999999716e+01	2.834254476489364194e+01
2.823387096774193594e+01	2.486158744281826927e+01
3.209583333333333144e+01	2.819491649166959490e+01
3.079435483870967616e+01	2.675881766765608916e+01
2.525000000000000000e+01	2.350759142997660689e+01
2.349568965517241281e+01	1.718083280588243511e+01
2.764516129032258007e+01	3.199979676054085331e+01
5.153333333333333144e+01	7.185980950588599114e+01
3.163306451612903203e+01	3.266160867029243065e+01
2.757083333333333286e+01	2.202695279210348644e+01
2.814516129032258007e+01	2.734669690155647004e+01
2.724596774193548399e+01	2.567146620840504312e+01
2.641666666666666785e+01	2.990041341222930527e+01
4.564919354838709609e+01	5.403301260306091081e+01
4.590833333333333144e+01	7.702229069489487756e+01
3.450000000000000000e+01	2.702612236934075085e+01
2.064112903225806406e+01	1.917544848319688811e+01
2.506250000000000000e+01	2.578855686498512512e+01
2.200000000000000000e+01	2.123808964132375010e+01
2.183749999999999858e+01	2.269899616906733186e+01
2.229838709677419217e+01	1.768997339423849624e+01
2.012500000000000000e+01	1.960997301544973226e+01
3.598790322580644840e+01	4.206930551567590726e+01
1.849193548387096797e+01	1.763564753548441644e+01
2.074166666666666714e+01	2.382295665715926347e+01
2.327419354838709609e+01	4.172584074215831151e+01
1.732499999999999929e+01	2.051631972357615652e+01
2.106048387096774022e+01	2.540003276143552213e+01
1.315725806451612989e+01	1.693808303787411518e+01
1.921875000000000000e+01	1.950918753914421799e+01
1.549596774193548399e+01	1.397982359015530029e+01
2.259166666666666501e+01	1.986957298372452385e+01
1.340725806451612989e+01	1.329926431015893584e+01
1.808333333333333215e+01	1.327785332382041794e+01
2.097177419354838790e+01	1.594430862400118620e+01
2.616532258064516014e+01	1.769524970133837627e+01
2.979166666666666785e+01	2.261245815670841353e+01
3.326612903225806406e+01	2.094024096010410574e+01
2.249583333333333357e+01	1.798610526597931525e+01
2.349596774193548399e+01	2.392545512828823107e+01
1.926209677419354804e+01	2.063312046491434160e+01
1.532589285714285765e+01	1.741602425895532491e+01
1.485483870967741993e+01	1.675328256154263684e+01
1.822916666666666785e+01	1.665462846495098148e+01
2.036693548387096797e+01	1.634057991318127634e+01
2.055000000000000071e+01	1.740251418617436485e+01
2.079838709677419217e+01	1.672089664148777999e+01
2.251209677419354804e+01	1.761894642204501693e+01
4.024166666666666714e+01	4.686425358296970245e+01
2.351612903225806406e+01	3.132529223172076982e+01
2.067500000000000071e+01	2.109548233627285541e+01
1.887500000000000000e+01	1.625615578193232125e+01
2.010080645161290391e+01	1.972272308281107200e+01
2.011637931034482918e+01	1.828178122671970129e+01
2.101209677419354804e+01	2.074975356535331983e+01
2.172916666666666785e+01	2.221161443867199381e+01
1.745564516129032384e+01	1.806992601525169917e+01
1.515000000000000036e+01	1.527260619540751563e+01
1.685887096774193594e+01	1.431613973073056734e+01
1.477419354838709609e+01	1.423837313427788054e+01
1.822083333333333499e+01	1.964065679414910903e+01
1.687500000000000000e+01	1.481405242307277526e+01
1.383750000000000036e+01	1.361443206368398862e+01
1.033870967741935409e+01	9.984978311616643509e+00
1.177016129032258007e+01	1.029365197302334245e+01
1.631250000000000000e+01	1.554517107496729977e+01
1.430645161290322598e+01	1.406934291250285085e+01
1.262916666666666643e+01	2.295992848360425853e+01
1.045967741935483808e+01	1.119864565079504537e+01
1.574583333333333357e+01	1.813875866679476445e+01
1.475000000000000000e+01	1.305980351084714819e+01
1.675403225806451601e+01	1.504294872428740604e+01
1.750416666666666643e+01	1.583535020049200703e+01
1.310483870967741993e+01	1.296914362108416263e+01
1.168750000000000000e+01	1.101694953620707729e+01
1.376612903225806406e+01	1.370872624783897997e+01
1.421774193548387011e+01	1.552602419034599990e+01
1.484375000000000000e+01	1.424271920046218831e+01
1.862903225806451601e+01	2.418592890769324555e+01
1.195416666666666750e+01	1.072079284873817429e+01
1.483467741935483808e+01	1.965901067455820339e+01
1.247499999999999964e+01	1.119744204420515565e+01
1.707661290322580783e+01	1.714214109820594345e+01
1.999596774193548399e+01	2.268516958774533521e+01
2.942500000000000071e+01	2.659124620998422017e+01
1.752016129032258007e+01	1.841916726007531935e+01
1.684166666666666501e+01	1.460907014684902983e+01
2.050000000000000000e+01	2.264505215486981626e+01
1.887096774193548399e+01	2.485521550446008021e+01
1.977232142857142705e+01	3.175895461413044529e+01
1.382258064516129004e+01	1.214100515787290036e+01
1.551666666666666750e+01	1.305627775780252442e+01
3.309274193548387188e+01	5.947033914181992742e+01
1.861250000000000071e+01	1.973332233600481800e+01
1.440322580645161210e+01	1.217441748943562274e+01
1.754032258064516014e+01	1.046838496459264967e+01
2.472500000000000142e+01	2.394367087561972340e+01
1.781451612903225978e+01	1.715412436792927764e+01
1.886666666666666714e+01	1.544826491515758882e+01
2.448790322580645196e+01	2.228625749251975208e+01
2.114112903225806406e+01	1.464747865618348222e+01
2.654310344827586121e+01	2.539817134381899422e+01
2.334274193548387188e+01	1.542278725377932957e+01
2.225000000000000000e+01	1.878241642245924226e+01
2.139112903225806406e+01	1.754476538098110794e+01
2.485833333333333428e+01	2.216182747929922670e+01
1.797983870967741993e+01	1.421336535844678473e+01
2.010483870967741993e+01	1.778265671413287308e+01
2.202916666666666501e+01	1.819670252103080443e+01
2.478225806451612812e+01	3.232210880313643742e+01
2.619166666666666643e+01	3.438163168353448640e+01
2.031451612903225978e+01	1.536825747015889476e+01
1.775403225806451601e+01	1.589988790381234551e+01
2.583035714285714235e+01	3.616946432935452549e+01
2.733870967741935587e+01	2.584628478224181691e+01
2.358749999999999858e+01	1.715057852522765458e+01
2.521370967741935587e+01	2.702923099486512015e+01
1.669166666666666643e+01	1.248985977592311514e+01
1.497177419354838790e+01	1.613086632717352131e+01
1.533870967741935409e+01	1.145635976129542222e+01
2.385000000000000142e+01	2.851758229583987969e+01
1.723387096774193594e+01	1.443512118845166370e+01
1.872916666666666785e+01	1.700139649084418281e+01
1.378629032258064591e+01	1.002168483257454668e+01
1.441935483870967794e+01	1.100593445065679177e+01
1.273214285714285765e+01	1.073668788950925546e+01
2.639516129032258007e+01	4.582097324904955116e+01
2.314166666666666572e+01	2.449329698554733881e+01
1.662903225806451601e+01	1.433131454134024629e+01
1.834166666666666501e+01	1.605121793578986455e+01
2.835483870967741993e+01	2.860385535383329270e+01
2.102016129032258007e+01	2.853343392560539016e+01
1.965416666666666501e+01	1.394816233913589265e+01
2.057661290322580783e+01	2.011123746561964509e+01
2.163749999999999929e+01	1.958586464136827487e+01
1.652822580645161210e+01	2.004730317509496729e+01
2.351612903225806406e+01	2.211917277771588530e+01
2.115625000000000000e+01	1.836139331611107650e+01
2.106854838709677580e+01	1.904724968265668394e+01
2.391250000000000142e+01	2.308238528438225856e+01
2.105645161290322420e+01	2.118345459785234297e+01
1.701666666666666572e+01	1.599582410783792241e+01
1.520564516129032206e+01	1.203028974538687024e+01
1.714516129032258007e+01	1.343604537416296729e+01
2.144166666666666643e+01	1.859471064278465491e+01
2.220564516129032384e+01	1.943045000732079686e+01
1.881666666666666643e+01	2.028422348087848803e+01
1.860483870967741993e+01	1.978791523860243373e+01
2.190725806451612812e+01	1.776809243027573970e+01
1.838793103448275801e+01	1.641239625684791648e+01
2.147580645161290391e+01	2.029339782582940543e+01
1.806250000000000000e+01	1.678219077127099368e+01
1.655645161290322420e+01	1.571536253692588225e+01
2.146666666666666501e+01	2.798926381470025149e+01
1.396370967741935409e+01	1.369257412754422276e+01
3.419354838709677580e+01	6.479212136235975095e+01
2.042083333333333428e+01	2.367738863639503677e+01
2.041532258064516014e+01	1.888550196773601897e+01
2.182083333333333286e+01	2.421890582387147361e+01
1.891129032258064413e+01	2.088254870150077025e+01
2.612903225806451601e+01	1.892577511172540028e+01
3.266071428571428470e+01	2.970827012425177216e+01
3.693145161290322420e+01	3.351707765702454367e+01
3.960833333333333428e+01	3.526230183291436049e+01
2.609274193548387188e+01	2.546462338411257775e+01
2.734166666666666501e+01	2.138009036203749957e+01
2.085887096774193594e+01	1.621827678734990030e+01
2.060483870967741993e+01	1.737017212962194890e+01
2.282083333333333286e+01	2.389972941211306434e+01
2.819354838709677580e+01	2.608722262302261186e+01
2.074583333333333357e+01	1.873427071720582049e+01
1.989516129032258007e+01	1.885291906395532280e+01
2.577822580645161210e+01	2.153923674211513273e+01
2.642857142857142705e+01	2.337933087675731514e+01
3.368951612903225623e+01	2.460536041305210020e+01
3.289166666666666572e+01	2.491796401304801023e+01
2.918548387096774022e+01	2.082796930598444618e+01
2.922500000000000142e+01	2.222909598551712307e+01
3.195967741935483986e+01	2.993067236603679504e+01
3.018548387096774022e+01	2.133162385705251651e+01
3.373749999999999716e+01	3.236706546913595872e+01
3.733064516129032029e+01	2.955209227192354149e+01
2.677499999999999858e+01	2.616230191834553764e+01
2.740725806451612812e+01	1.938384209637691313e+01
2.758870967741935587e+01	2.473684469433888466e+01
3.109375000000000000e+01	2.332830814563070732e+01
3.203225806451612812e+01	2.813789073298040577e+01
2.433333333333333215e+01	2.256262888544289780e+01
2.273387096774193594e+01	1.851094221777492876e+01
2.073750000000000071e+01	1.686965501771351228e+01
2.173790322580645196e+01	1.843602317318590522e+01
1.807258064516129181e+01	1.388034894693421073e+01
1.685416666666666785e+01	1.492647198678315235e+01
2.019758064516129181e+01	1.918745794871793109e+01
2.926249999999999929e+01	2.933360292253010471e+01
2.110080645161290391e+01	1.724216510227621768e+01
2.329032258064516014e+01	2.368774495781023859e+01
2.851724137931034520e+01	1.923582449790363924e+01
3.338306451612903203e+01	3.074692542136214257e+01
2.541666666666666785e+01	3.002792681636361394e+01
2.366532258064516014e+01	3.005795623392345561e+01
1.745416666666666572e+01	1.660063952499688611e+01
1.837096774193548399e+01	1.371070204899729994e+01
1.770967741935483986e+01	1.657474477667969026e+01
2.370416666666666572e+01	1.733517568333883929e+01
2.041532258064516014e+01	1.726667284177742090e+01
1.686250000000000071e+01	1.433882586139232451e+01
1.862903225806451601e+01	1.773913467628778307e+01
1.874596774193548399e+01	1.483226049807750435e+01
2.097321428571428470e+01	1.489904108936722871e+01
1.989919354838709609e+01	1.572142567186854656e+01
2.493750000000000000e+01	2.275870369221410527e+01
2.007258064516129181e+01	2.119843777989341405e+01
1.422916666666666607e+01	9.107779603479409403e+00
2.289919354838709609e+01	2.142414223060931988e+01
2.323790322580645196e+01	1.912511476980926872e+01
2.296666666666666501e+01	2.582325609901965535e+01
2.089516129032258007e+01	2.203582806527525406e+01
1.734166666666666501e+01	1.809534739158721450e+01
1.701612903225806406e+01	2.063995650117624336e+01
2.458064516129032384e+01	2.764028639218181738e+01
2.619642857142857295e+01	2.675728848827732165e+01
2.585080645161290391e+01	2.103026619241490636e+01
3.130833333333333357e+01	2.789199282749242315e+01
3.121370967741935587e+01	3.751471073755153185e+01
2.825833333333333286e+01	2.603074971174583041e+01
1.987903225806451601e+01	2.177990815094213417e+01
2.564919354838709609e+01	3.317539409778252946e+01
2.697500000000000142e+01	3.061670635998152790e+01
2.075403225806451601e+01	1.612751555368784295e+01
2.461250000000000071e+01	2.505235871297019301e+01
2.202419354838709609e+01	2.287235396636163998e+01
2.734677419354838790e+01	2.093463111489556283e+01
2.372767857142857295e+01	2.182666991574686577e+01
2.686290322580645196e+01	2.466316133538340694e+01
3.354583333333333428e+01	3.347346560046562303e+01
2.095161290322580783e+01	1.694171928221138046e+01
1.834166666666666501e+01	1.469948742492593041e+01
1.792741935483870819e+01	1.496052514770485153e+01
2.600403225806451601e+01	2.725647274174595225e+01
2.197916666666666785e+01	1.806549379264852107e+01
1.929435483870967616e+01	1.521823928192191921e+01
1.710833333333333428e+01	1.594720238439610860e+01
1.684274193548387188e+01	1.383119238548761132e+01
1.927419354838709609e+01	1.788847110692202591e+01
1.759913793103448398e+01	1.874853095711609541e+01
1.281854838709677402e+01	1.149278081214663239e+01
1.877916666666666501e+01	1.714318327029402411e+01
1.572177419354838790e+01	1.472651252149624490e+01
2.025416666666666643e+01	1.954604561811814278e+01
1.708467741935483986e+01	1.779625071221662225e+01
1.602016129032258007e+01	1.510699730972111254e+01
1.421666666666666679e+01	1.085447936209849829e+01
2.231451612903225978e+01	1.965195834265259123e+01
2.374583333333333357e+01	1.426731343452189371e+01
2.207258064516129181e+01	2.506995804874984302e+01
1.675403225806451601e+01	1.206935535062269160e+01
2.355357142857142705e+01	2.116298963053284865e+01
2.709274193548387188e+01	2.753127744299345281e+01
3.338333333333333286e+01	3.100555953731882397e+01
2.731048387096774022e+01	2.857284781088391057e+01
1.814583333333333215e+01	1.715054613237983716e+01
2.757258064516129181e+01	3.731755043889705092e+01
2.431048387096774022e+01	1.562167290279750809e+01
2.077083333333333215e+01	1.513968238236485853e+01
3.439516129032258362e+01	3.116587219203265491e+01
2.449166666666666714e+01	2.088480142485332536e+01
1.968145161290322420e+01	1.563518502596134319e+01
2.349193548387096797e+01	1.846596519133106540e+01
4.934821428571428470e+01	2.908153863997514676e+01
2.758870967741935587e+01	3.029771951834802479e+01
3.222916666666666430e+01	2.340124603460726505e+01
2.620967741935483986e+01	2.152802906398569505e+01
3.144999999999999929e+01	2.263951192053397676e+01
4.236693548387096797e+01	5.413839824747578433e+01
3.203629032258064768e+01	2.434452589550684110e+01
4.588750000000000284e+01	5.267977009330369498e+01
2.893548387096774022e+01	1.895824866668343844e+01
3.368333333333333002e+01	3.388853870493024800e+01
3.448387096774193594e+01	3.112655848435744943e+01
2.664919354838709609e+01	2.563079044244392080e+01
4.077678571428571530e+01	4.310073537270990585e+01
3.416935483870967971e+01	2.678776254494600551e+01
3.634583333333333144e+01	2.349860774540104913e+01
3.212500000000000000e+01	3.030683976085798648e+01
2.512916666666666643e+01	2.429686158002487417e+01
2.142338709677419217e+01	1.510561532457473533e+01
2.520967741935483986e+01	2.155273884008352425e+01
2.402916666666666501e+01	1.903864445381784165e+01
2.879435483870967616e+01	2.409327573980112547e+01
3.406250000000000000e+01	2.634467549778006656e+01
2.640322580645161210e+01	2.001588858996236553e+01
2.377016129032258007e+01	1.811409841157732004e+01
2.650431034482758719e+01	2.097288846073531943e+01
3.127419354838709609e+01	2.321388582976529236e+01
3.311666666666666714e+01	3.023799578161371571e+01
2.747983870967741993e+01	2.011337815035422238e+01
2.396666666666666501e+01	1.719904713122858197e+01
2.670967741935483986e+01	2.141007985157412818e+01
2.625000000000000000e+01	2.163111744537216197e+01
3.321666666666666856e+01	3.139683724340540749e+01
3.372580645161290391e+01	2.651698746746387059e+01
3.149166666666666714e+01	2.726062356627636163e+01
2.940322580645161210e+01	1.908931442137311763e+01
2.609274193548387188e+01	2.200154566926216049e+01
2.435714285714285765e+01	2.153313772788729352e+01
1.919758064516129181e+01	1.630200345747010715e+01
2.998333333333333428e+01	3.423253407051380748e+01
1.568951612903225801e+01	1.295698415818844396e+01
2.014999999999999858e+01	1.855920705921097991e+01
2.367741935483870819e+01	1.865564360995248094e+01
2.228225806451612812e+01	1.862211678652085922e+01
2.144166666666666643e+01	2.108901603257539747e+01
2.251612903225806406e+01	1.881638093436731296e+01
2.400833333333333286e+01	2.452940270822390545e+01
2.150000000000000000e+01	1.899596731397346971e+01
2.268145161290322420e+01	2.131407178268235469e+01
4.054017857142856940e+01	6.465739511320616373e+01
2.131451612903225978e+01	1.620153663335666039e+01
1.442500000000000071e+01	9.493561414629040129e+00
1.894354838709677580e+01	2.102391204632310462e+01
1.601249999999999929e+01	1.183479377724850679e+01
1.645967741935483986e+01	1.303957944697628157e+01
2.257258064516129181e+01	1.754288449959347318e+01
2.497083333333333499e+01	2.409121518947426566e+01
1.880645161290322420e+01	1.871655185164726376e+01
2.152083333333333215e+01	2.559475009916856081e+01
1.536693548387096797e+01	1.212329284140320951e+01
1.483064516129032206e+01	1.032669713787110766e+01
1.675892857142857295e+01	1.270140988779415459e+01
1.776612903225806406e+01	1.330571601094792022e+01
1.301666666666666750e+01	1.159308941664051140e+01
1.482661290322580605e+01	1.313293452251768123e+01
1.327083333333333393e+01	1.113017591829627051e+01
1.923387096774193594e+01	1.713824664073996118e+01
2.427016129032258007e+01	1.926271042395672950e+01
3.029166666666666785e+01	2.245640065895591064e+01
2.571774193548387188e+01	2.194313048647129349e+01
2.232916666666666572e+01	1.820176225824179639e+01
1.594758064516129004e+01	1.491701758065468297e+01
2.245161290322580783e+01	2.542124297064832206e+01
2.334482758620689680e+01	2.490762362461433099e+01
2.486290322580645196e+01	2.093281675689469878e+01
2.519166666666666643e+01	2.735531509394269634e+01
2.049193548387096797e+01	2.190227413724278804e+01
1.993333333333333357e+01	1.446388222051358063e+01
2.011290322580645196e+01	1.420512724189321396e+01
2.054032258064516014e+01	1.459087164564929928e+01
2.134583333333333499e+01	1.643754541607583164e+01
2.312096774193548399e+01	2.599646152780607622e+01
2.321249999999999858e+01	1.855152312929228486e+01
2.558064516129032384e+01	2.224156120296093775e+01
3.441935483870967971e+01	2.983992150982972902e+01
2.745535714285714235e+01	1.714975447182488466e+01
6.003629032258064768e+01	8.253817966473046397e+01
3.274583333333333002e+01	2.196052289842439720e+01
2.566532258064516014e+01	2.169763085162435701e+01
2.487916666666666643e+01	2.245490813398165741e+01
1.433064516129032206e+01	1.217792938474747366e+01
2.831451612903225978e+01	2.797474867582452873e+01
2.662500000000000000e+01	2.808500860482925532e+01
3.132661290322580783e+01	3.971727423173125260e+01
3.463750000000000284e+01	4.001559396556130821e+01
3.131854838709677580e+01	2.631722074175461756e+01
2.735483870967741993e+01	1.620095255482414132e+01
3.771875000000000000e+01	2.604625703590358654e+01
3.383870967741935232e+01	2.889131108827676542e+01
3.735833333333333428e+01	3.293726254394692177e+01
2.505645161290322420e+01	2.028677561438248489e+01
2.452916666666666501e+01	3.010577158351681959e+01
2.158870967741935587e+01	2.604973905409957524e+01
2.810483870967741993e+01	2.506099608902218989e+01
2.501666666666666572e+01	1.605432617361715941e+01
2.505241935483870819e+01	2.046321626609985955e+01
1.746249999999999858e+01	1.830638123032512254e+01
1.514919354838709609e+01	1.181126441544559036e+01
1.733064516129032384e+01	1.450040142614165006e+01
2.003125000000000000e+01	1.451919622953645828e+01
3.738306451612903203e+01	4.642764961392356327e+01
2.427499999999999858e+01	2.066718917350236495e+01
2.726612903225806406e+01	2.332073315084729614e+01
5.616250000000000142e+01	5.423162755333213880e+01
3.514112903225806406e+01	3.720432144535305952e+01
4.079838709677419217e+01	3.239112777735387283e+01
3.061250000000000071e+01	2.206797854547020421e+01
4.404838709677419217e+01	3.867083064222740063e+01
4.962083333333333002e+01	5.550144501997723268e+01
2.792338709677419217e+01	1.972569394041186186e+01
2.585887096774193594e+01	1.871411194318502424e+01
4.767241379310344485e+01	4.643186997468459509e+01
2.442741935483870819e+01	1.574272662937927514e+01
1.970833333333333215e+01	1.571485275852822561e+01
2.970967741935483986e+01	3.907535610502674928e+01
2.472916666666666785e+01	2.204894137985364111e+01
1.781048387096774022e+01	1.509514084681635815e+01
2.407258064516129181e+01	2.467781862422098627e+01
3.570416666666666572e+01	3.575285512103271657e+01
2.693145161290322420e+01	2.130461053741382926e+01
2.514583333333333215e+01	1.898287559808108327e+01
2.603629032258064413e+01	2.234324186876281004e+01
3.112096774193548399e+01	2.283870255831855189e+01
2.705357142857142705e+01	2.336562618987340301e+01
3.783870967741935232e+01	2.753689229097475533e+01
2.914166666666666572e+01	2.783397080108326094e+01
2.206854838709677580e+01	2.245172551359875612e+01
2.169999999999999929e+01	2.166067865972809159e+01
1.819354838709677580e+01	1.563503995855857021e+01
1.913709677419354804e+01	1.982456714632180450e+01
2.377083333333333215e+01	2.509153209030666076e+01
2.458870967741935587e+01	2.242011341255529189e+01
2.542500000000000071e+01	2.519247986337721912e+01
2.520564516129032384e+01	2.325737067496666199e+01
2.648790322580645196e+01	1.896919868706489254e+01
4.312053571428571530e+01	3.697717355340622447e+01
3.788306451612903203e+01	2.631306624331094568e+01
4.027499999999999858e+01	3.368851498161750158e+01
4.016532258064516014e+01	2.764581734786341016e+01
2.713749999999999929e+01	1.666714113907961092e+01
2.055241935483870819e+01	1.531514622274764825e+01
1.591935483870967794e+01	1.335622168310645463e+01
2.012500000000000000e+01	1.736426526903264644e+01
3.325403225806451957e+01	3.038137932265990315e+01
2.357916666666666572e+01	2.058139287412027585e+01
2.407661290322580783e+01	1.622293581914480853e+01
2.343951612903225978e+01	2.163452780428211852e+01
2.442410714285714235e+01	2.176156402572350146e+01
2.373790322580645196e+01	2.108240013858806350e+01
2.411250000000000071e+01	2.593950996228211991e+01
3.087096774193548399e+01	2.610338247206346907e+01
1.903750000000000142e+01	1.605234439004679103e+01
1.486290322580645196e+01	1.562738223255090375e+01
1.692338709677419217e+01	1.285959293535605319e+01
2.217500000000000071e+01	2.041166435317479610e+01
2.789112903225806406e+01	2.466730731835538748e+01
1.711666666666666714e+01	1.626483083902879656e+01
1.811693548387096797e+01	1.719405477602647991e+01
1.877419354838709609e+01	1.482034277044585835e+01
2.070258620689655160e+01	1.369880413360393234e+01
2.225000000000000000e+01	1.725642704019428209e+01
2.048750000000000071e+01	1.797010973116190868e+01
1.393548387096774199e+01	8.777943340099541913e+00
1.103333333333333321e+01	8.132684400341350539e+00
1.460483870967741993e+01	1.001073500281403206e+01
1.872580645161290391e+01	1.485349894136895621e+01
2.634166666666666501e+01	2.035005971872209329e+01
2.350403225806451601e+01	2.010175686108518534e+01
1.627499999999999858e+01	1.299548799904541241e+01
1.581854838709677402e+01	1.309069397933363632e+01
1.731451612903225978e+01	1.700539142945832438e+01
2.099107142857142705e+01	2.059212554755643509e+01
1.620161290322580783e+01	1.429328730260020386e+01
1.835833333333333428e+01	1.746749163128148652e+01
1.501209677419354804e+01	2.072408639467276004e+01
1.364166666666666750e+01	1.229654140624734993e+01
1.214516129032258007e+01	9.364219434589660551e+00
1.362903225806451601e+01	1.140349956326048364e+01
1.837500000000000000e+01	1.651517610159415383e+01
1.866935483870967616e+01	1.841051670622578129e+01
1.795416666666666572e+01	1.962104480667519013e+01
1.070564516129032206e+01	1.139494654844117605e+01
1.676612903225806406e+01	1.659022685050124934e+01
1.635267857142857295e+01	1.654905294992861187e+01
2.313709677419354804e+01	2.051055380475455436e+01
1.799583333333333357e+01	1.636395885186575327e+01
2.804032258064516014e+01	3.079560588511656150e+01
1.872083333333333499e+01	1.621371536607887620e+01
1.922580645161290391e+01	1.902665308390948340e+01
2.695967741935483986e+01	3.157579186899365808e+01
2.109166666666666501e+01	2.845508034116618390e+01
2.230241935483870819e+01	2.259427548007023034e+01
2.646249999999999858e+01	2.758605191789261468e+01
1.588709677419354804e+01	1.374726346810893496e+01
2.075806451612903203e+01	2.010230726917248134e+01
2.121428571428571530e+01	2.308985884826178392e+01
2.342338709677419217e+01	2.050634681008095583e+01
2.144583333333333286e+01	1.742786272913450318e+01
1.606048387096774022e+01	1.434877941615978791e+01
1.318750000000000000e+01	1.390511933605749384e+01
1.688709677419354804e+01	1.961985896393825612e+01
2.619758064516129181e+01	1.947861922852715821e+01
3.117083333333333428e+01	2.676378117230240861e+01
3.124193548387096797e+01	2.466317320181923378e+01
2.502499999999999858e+01	1.905123027523419665e+01
2.035080645161290391e+01	1.798077824918626888e+01
2.415725806451612812e+01	1.915986090505733941e+01
2.934051724137930961e+01	2.495220423698446766e+01
1.705645161290322420e+01	1.397422882594659477e+01
2.509583333333333499e+01	3.730062532057010571e+01
2.496370967741935587e+01	2.296093047273514287e+01
2.482083333333333286e+01	2.050907277212263935e+01
3.109274193548387188e+01	4.967632601828901073e+01
2.425806451612903203e+01	2.950064815245917060e+01
3.017500000000000071e+01	3.281187856554392113e+01
2.809677419354838790e+01	3.318676848530748913e+01
2.900833333333333286e+01	2.851593000217402718e+01
1.605645161290322420e+01	1.246110233004755941e+01
1.796774193548387188e+01	1.448521798463644039e+01
1.462500000000000000e+01	1.226939062987935891e+01
3.010483870967741993e+01	4.384187469288794858e+01
3.299166666666666714e+01	3.933721643967989223e+01
1.774193548387096797e+01	1.761179542776335083e+01
1.817916666666666714e+01	1.635992255397996331e+01
1.865725806451612812e+01	1.381120789248832281e+01
1.987500000000000000e+01	1.757233036210162780e+01
2.260833333333333428e+01	2.367463334222705029e+01
3.131854838709677580e+01	3.366951781880585060e+01
2.430416666666666714e+01	4.625710737431479913e+01
1.941935483870967616e+01	1.558798998722514639e+01
1.673790322580645196e+01	1.336068554319662027e+01
1.996428571428571530e+01	1.421576625455278098e+01
2.019354838709677580e+01	1.843807308321160221e+01
2.594166666666666643e+01	2.869517840838228651e+01
1.989919354838709609e+01	2.651068559963206184e+01
1.410833333333333250e+01	9.886687879275962487e+00
1.988306451612903203e+01	1.445203536158875757e+01
2.245161290322580783e+01	1.828729280248185063e+01
2.134583333333333499e+01	2.158783374894809270e+01
3.800806451612903203e+01	2.866533704436083596e+01
2.928750000000000142e+01	2.068283935416025088e+01
2.438709677419354804e+01	1.807765938916415038e+01
2.417741935483870819e+01	1.777731809080213665e+01
3.128125000000000000e+01	2.002111399448984486e+01
3.517338709677419217e+01	2.157690151180553784e+01
3.488333333333333286e+01	1.990715253928150830e+01
4.202016129032258362e+01	3.426079410751027865e+01
4.012083333333333002e+01	2.520676957959684472e+01
3.230645161290322420e+01	2.372649173370547615e+01
3.639516129032258362e+01	2.770533852957768062e+01
3.067083333333333428e+01	2.442531096981617367e+01
5.224193548387096797e+01	8.727338128046186227e+01
4.460000000000000142e+01	5.715642279452648467e+01
3.037903225806451601e+01	2.382905949639705057e+01
3.804838709677419217e+01	2.498656246565654016e+01
2.382327586206896441e+01	1.798679524156071352e+01
2.517741935483870819e+01	2.127775166508237348e+01
2.000833333333333286e+01	1.919092486625442007e+01
1.656854838709677580e+01	1.198299108370588861e+01
1.586666666666666714e+01	1.182471517157554608e+01
2.988306451612903203e+01	4.669226678696928445e+01
1.624193548387096797e+01	1.577813460893819197e+01
1.553749999999999964e+01	1.513132271426835196e+01
1.627822580645161210e+01	1.472870283408616565e+01
3.639583333333333570e+01	5.972671777330663190e+01
2.261693548387096797e+01	1.813308872580105202e+01
3.895967741935483986e+01	3.909085760485484684e+01
2.154017857142857295e+01	1.933465134997926782e+01
2.135483870967741993e+01	1.915458908560822238e+01
1.875416666666666643e+01	1.858365050177769362e+01
2.831048387096774022e+01	3.934222741318016148e+01
1.964166666666666572e+01	2.303450159844768308e+01
2.392741935483870819e+01	2.280887397593199850e+01
2.395967741935483986e+01	3.362768137613194597e+01
3.177083333333333215e+01	3.390983116008624165e+01
1.543145161290322598e+01	1.424169745079275273e+01
1.703333333333333499e+01	1.324539752350058919e+01
1.700806451612903203e+01	1.524953514243479447e+01
1.351612903225806406e+01	1.309055549165599430e+01
1.358482142857142883e+01	1.176032760280321021e+01
1.574193548387096797e+01	1.655848431184192293e+01
1.868750000000000000e+01	2.459095044421829712e+01
1.364112903225806406e+01	1.387778749736644279e+01
1.511250000000000071e+01	1.417068019127287037e+01
1.237500000000000000e+01	1.453972935919749787e+01
1.774193548387096797e+01	2.028720038545754178e+01
1.542083333333333250e+01	1.594371556357620889e+01
1.656048387096774022e+01	1.548999322428675463e+01
1.673750000000000071e+01	1.684840033207900944e+01
2.468951612903225978e+01	3.028780580383845233e+01
1.918951612903225978e+01	1.736353389846917850e+01
1.436607142857142883e+01	1.282227103778135380e+01
1.622177419354838790e+01	1.463849355727667856e+01
1.791666666666666785e+01	1.705509861856239340e+01
1.498790322580645196e+01	1.607454455654380965e+01
1.266249999999999964e+01	1.085312215063788166e+01
1.344354838709677402e+01	1.473190657314649066e+01
1.317741935483870996e+01	1.334078659182649851e+01
1.707083333333333286e+01	1.609655706371879802e+01
1.373387096774193594e+01	1.342969078918156356e+01
1.391249999999999964e+01	1.464114671340101381e+01
1.261290322580645196e+01	1.165340160599619779e+01
1.629435483870967616e+01	1.279861259126106354e+01
2.248706896551724199e+01	1.653392035917433844e+01
2.112500000000000000e+01	1.764606382591843214e+01
1.748750000000000071e+01	1.393346727906111227e+01
1.343951612903225801e+01	1.091852021277776608e+01
1.437500000000000000e+01	1.288801930735156276e+01
1.116935483870967794e+01	1.039713187358274027e+01
9.568548387096774022e+00	1.076786487758145228e+01
1.095416666666666750e+01	1.260861078676878755e+01
1.313306451612903203e+01	1.478019174530884605e+01
9.470833333333333215e+00	1.004527165580348580e+01
1.007258064516129004e+01	9.721254886385658267e+00
1.026612903225806406e+01	7.847445517150214656e+00
1.029017857142857117e+01	1.083688690654539855e+01
1.066129032258064591e+01	9.216383638245844168e+00
8.912499999999999645e+00	7.164484890765001168e+00
7.709677419354838968e+00	6.029864110099356189e+00
8.562500000000000000e+00	8.816901973860584718e+00
8.645161290322580072e+00	9.972295128769292916e+00
9.584677419354838079e+00	1.048890000348170304e+01
7.737499999999999822e+00	6.499507192857009841e+00
7.983870967741935054e+00	8.672336321526815439e+00
7.208333333333333037e+00	6.792637967355211970e+00
5.701612903225806051e+00	4.392955942719232176e+00
7.721774193548387011e+00	6.707543424214346572e+00
9.910714285714286476e+00	9.393722800957270636e+00
9.838709677419354094e+00	7.727607709745157649e+00
1.774583333333333357e+01	2.126181003518331991e+01
1.540725806451612989e+01	1.637364460476286609e+01
1.396250000000000036e+01	1.102207302416383072e+01
1.089112903225806406e+01	9.531370210002592103e+00
1.485887096774193594e+01	1.736306569526791321e+01
1.122916666666666607e+01	9.986323112415078640e+00
1.316129032258064591e+01	1.332193624935361420e+01
1.189583333333333393e+01	1.078857339837951912e+01
9.919354838709677935e+00	9.775790351839678038e+00
1.271370967741935409e+01	9.593485984514057208e+00
1.349553571428571352e+01	1.605848623221233140e+01
1.576209677419354804e+01	1.665263755502478560e+01
1.595416666666666750e+01	1.664312869141162921e+01
1.697580645161290391e+01	1.939091228355039220e+01
1.620833333333333215e+01	1.370060572464671189e+01
1.643145161290322420e+01	1.210718839351423348e+01
1.289919354838709609e+01	1.660820821144764636e+01
2.185833333333333428e+01	2.698542687987145428e+01
1.391935483870967794e+01	1.682288992385727155e+01
1.141249999999999964e+01	1.165764457698609569e+01
9.866935483870967971e+00	8.499195614445632430e+00
1.492741935483870996e+01	1.377624965767509480e+01
1.790517241379310320e+01	1.459745989256696141e+01
2.626612903225806406e+01	2.587987413059825315e+01
1.850000000000000000e+01	1.658035986742547507e+01
1.431451612903225801e+01	1.236270858168008147e+01
1.847916666666666785e+01	2.071713218503521858e+01
2.303225806451612812e+01	2.116522386729603156e+01
1.414516129032258007e+01	1.170896647624065068e+01
1.529583333333333250e+01	1.452956695749127292e+01
1.629435483870967616e+01	1.997372387792293225e+01
1.500000000000000000e+01	1.710531106605976603e+01
8.822580645161290036e+00	7.454213343209127984e+00
1.156048387096774199e+01	1.341897620336641239e+01
1.409821428571428648e+01	1.138761844961805991e+01
1.893548387096774022e+01	2.170819747627827923e+01
1.063333333333333286e+01	1.067858708922777922e+01
1.822177419354838790e+01	1.673185131613177035e+01
2.131666666666666643e+01	2.065328195603680683e+01
1.696774193548387188e+01	1.597802699065337961e+01
1.563306451612903203e+01	1.343737098527229357e+01
1.119999999999999929e+01	1.001964736571768455e+01
1.459677419354838790e+01	2.035488344149269224e+01
1.241666666666666607e+01	1.229402519745081612e+01
1.096774193548387011e+01	1.129618511387588242e+01
1.202419354838709609e+01	1.011782498436061850e+01
2.076339285714285765e+01	2.044335158927728457e+01
9.983870967741935942e+00	7.453061582403074148e+00
1.545416666666666750e+01	1.292760222568576545e+01
1.105241935483870996e+01	1.240094925938409354e+01
1.306666666666666643e+01	1.393809727170661894e+01
8.887096774193548043e+00	6.779606132602055801e+00
1.530241935483870996e+01	1.381798713055814609e+01
1.897083333333333499e+01	1.555377711807935448e+01
1.816532258064516014e+01	1.259163537224433149e+01
2.043333333333333357e+01	1.410007880198625685e+01
2.365725806451612812e+01	1.638816780774144632e+01
1.978629032258064413e+01	1.591657603537602483e+01
1.960267857142857295e+01	1.497522334570762048e+01
2.791935483870967616e+01	3.230814258051864840e+01
1.952499999999999858e+01	1.833119495104815400e+01
1.495967741935483808e+01	1.402756456545031227e+01
2.168333333333333357e+01	3.035662567253188726e+01
1.689919354838709609e+01	1.699341426499965735e+01
2.534677419354838790e+01	2.164357326754806365e+01
2.687916666666666643e+01	2.692733244565619799e+01
2.471370967741935587e+01	2.340428977317364811e+01
2.304583333333333428e+01	2.133097276979077250e+01
2.635080645161290391e+01	2.437116221555165296e+01
1.811290322580645196e+01	1.586394251806407851e+01
1.886206896551724199e+01	1.867341672729192226e+01
2.041129032258064413e+01	1.914967029817004729e+01
1.697500000000000142e+01	1.723584564214938908e+01
2.195161290322580783e+01	2.048676001978401473e+01
1.617083333333333428e+01	1.502886054581502684e+01
1.811290322580645196e+01	1.476247950883249516e+01
1.833870967741935587e+01	1.636128746056757066e+01
2.649166666666666714e+01	2.319464587404218392e+01
2.664919354838709609e+01	2.375076228307325366e+01
1.788749999999999929e+01	1.571410758151201215e+01
1.889516129032258007e+01	1.744660913000792135e+01
1.922580645161290391e+01	1.379565073450127066e+01
1.853571428571428470e+01	1.464607978474869832e+01
2.470564516129032384e+01	2.332618562633182790e+01
2.161250000000000071e+01	2.003569340992885728e+01
1.496774193548387011e+01	1.603495953095015025e+01
1.265833333333333321e+01	1.272071527950461700e+01
1.726209677419354804e+01	1.951797803491129812e+01
2.097983870967741993e+01	2.058762735173690217e+01
2.926666666666666572e+01	3.310922160902541123e+01
1.917338709677419217e+01	2.006637618115698629e+01
1.910833333333333428e+01	1.764855793605308065e+01
1.533064516129032206e+01	1.429821880074890750e+01
1.407661290322580605e+01	1.011656744724574075e+01
1.524553571428571352e+01	1.305850426509796058e+01
1.680645161290322420e+01	1.404668335285595404e+01
1.417083333333333250e+01	1.611029637547228788e+01
1.504838709677419395e+01	1.393148837584431021e+01
1.518333333333333357e+01	1.365496450217119673e+01
1.257661290322580605e+01	9.854699295513524859e+00
1.853629032258064413e+01	2.218340644991576482e+01
1.807083333333333286e+01	1.503797911862568881e+01
1.448387096774193594e+01	1.355989334752504227e+01
1.314166666666666750e+01	1.378362303202205652e+01
1.399596774193548399e+01	9.390497077034746454e+00
